# frame_index tx ty tz qx qy qz qw
0 0.0 0.0 0.0 0.0 0.0 0.0 1.0
2 -0.006540290171630518 0.009433364486549432 0.0004926611937501658 0.000290314627856584 0.000165318473965248 -1.24313256171042e-05 0.9999999441163391
4 -0.16777542185400401 0.04468052605377966 0.09698876758407471 0.0018200294378141588 -0.0004806819551382515 -0.002686137166870596 0.9999946205379427
6 -0.22729853276423703 0.026478327261679296 0.23430457477348549 0.0023391442718992445 -0.0011921293181650287 -0.004897809081854073 0.9999845592297721
8 -0.23626290035016376 -0.08700051475353834 0.36766797946379326 0.003199022783056829 -0.0020408640450247464 -0.0064259348240745095 0.999972153856706
10 -0.25647328556990795 -0.16696929595234056 0.5235628535189462 0.005087888836644366 -0.002070793197553055 -0.009288539154749786 0.9999417724263197
12 -0.2210079932706446 -0.3037371460246746 0.6412060354200658 0.006474399858456799 -0.001138670121438436 -0.01228465975048184 0.9999029316446882
14 -0.18676469106708693 -0.3971706859309458 0.7489987548052119 0.007754231141557378 -0.002893409949962204 -0.012016563926770866 0.9998935454685457
16 -0.2484496929033194 -0.43610466546673515 0.8203688786825235 0.008333149450764084 -0.0033646533480109096 -0.01137602018059576 0.9998949064241349
18 -0.37941323996993254 -0.488628921242912 0.8766259075012259 0.008800807664817788 -0.0035387937546676896 -0.009544822908312297 0.9999094554402703
20 -0.45352941200297353 -0.5120918072897618 0.9747619193099826 0.009724866495211463 -0.003251789668233607 -0.009698276010894277 0.9999003931782507
22 -0.5330482390468528 -0.4874118981992085 0.9645577899136895 0.010466272894346918 -0.003168266915763572 -0.009493438470806031 0.9998951414235657
24 -0.6151847928590033 -0.4151443714718434 0.9704428424725672 0.01252835552708115 -0.002759921179117977 -0.00998372983899713 0.9998678654109122
26 -0.691220486844686 -0.45996037979638976 0.9874117685479473 0.012140536195274753 -0.0023851499956510022 -0.01468595531344628 0.9998156035774401
28 -0.9305433294094563 -0.4827287466162361 1.0223862540682171 0.013270375952052221 -0.0023794950408189985 -0.020876011106591024 0.9996911659536256
30 -1.2053045530419115 -0.5308579974054141 1.0351024500350934 0.013405139095535744 -0.003610387168044627 -0.0250031450993433 0.9995909713905321
32 -1.3592237586345532 -0.6061910465306017 0.9970437889711001 0.01267567439073307 -0.0064434869420616474 -0.027218864680913918 0.999528359857913
34 -1.3691125281119518 -0.6813895913282826 0.9801396720717045 0.012562638789671187 -0.009225505960605281 -0.026437145455366132 0.9995289628052721
36 -1.3390045801748134 -0.7600637124398387 1.0034981132361562 0.01238137345540974 -0.012135109833339562 -0.02275922542842333 0.9995906453936976
38 -1.267396031026573 -0.7955078113004697 0.9707248755002809 0.013200724993573047 -0.0124535911841202 -0.016301114673962572 0.9997024170155083
40 -1.10690572637958 -0.9012108515161461 0.9438539049057231 0.013715967720834799 -0.014030827976318237 -0.00862956167678992 0.9997702429863806
42 -0.9680710853174438 -1.0011908974601273 0.9042443104515565 0.014714107567518966 -0.012979148964151747 -0.0016526724134344824 0.9998061339102455
44 -0.6797183817620275 -1.1142130380830244 0.8625341460745861 0.016792859486465344 -0.007577120601317807 -0.0037917220293883897 0.9998230893301638
46 -0.15953628786134527 -1.2360235146622243 0.8074163939562534 0.018941957936125978 -0.0018447152889605302 -0.009792741511773376 0.999770924496573
48 0.4133714162951635 -1.349384183645118 0.7864596564510598 0.019706545357049115 0.001886394460800216 -0.012646207902234724 0.9997240454303989
50 1.1588615450126345 -1.4248993791545113 0.801546960477544 0.020244998641353824 0.004640897729166335 -0.015501145489576047 0.9996641018796213
52 1.5543220196559007 -1.3612758353693681 0.8500835632390711 0.020376833241267548 0.006027299829421884 -0.006848203481647137 0.9997507481532073
54 1.8695141563112747 -1.2427642529357605 0.8814017511371625 0.018119392630879985 0.004725671979858459 0.007290184192146059 0.9997980840397083
56 2.1547829307355544 -1.1313767251870883 0.9104417082684051 0.017040017801538243 0.0016110864714381748 0.019594862653273867 0.9996614844792733
58 2.2996865466798626 -1.0442984414021617 0.9875864906099325 0.01693352033891679 -0.0019820506088657403 0.030057929854024515 0.9994027457522847
60 2.632895500262735 -0.9400718394949835 0.977896234157298 0.016360198798213498 -0.0024619199738034757 0.028005754568171563 0.9994708402731881
62 2.7716435535264785 -0.9032255776867959 0.9825933338609898 0.016376573444768925 -0.003279787638579414 0.02653989076960794 0.9995082215935951
64 2.781798905931241 -0.8499998611502126 1.0296580932973591 0.016161457411013998 -0.0057095231508867824 0.03247988603636124 0.9993254052823867
66 2.7627422303021185 -0.7336794617304788 1.0042756951526468 0.01771382603316377 -0.007901230303482746 0.04387083433176292 0.9988489079044904
68 2.776922439545439 -0.670155883540177 0.9870429245082548 0.017877746350619093 -0.007968167299219635 0.046785809861581616 0.9987131632710718
70 2.6889265123917547 -0.734144561038884 0.9439435296747294 0.017166727467720577 -0.0080012479435932 0.04162555794425262 0.998953750894016
72 2.356708474834117 -0.8824235898243835 1.0162783668197772 0.018900257845162506 -0.009266767786509653 0.03451095367740366 0.9991826166144272
74 1.7607872368940491 -1.0594566360504591 1.0540583562082273 0.020041320452900694 -0.012831863144073703 0.031195460094415046 0.9992299695426742
76 1.030929154337939 -1.2031299031429532 0.9601312108324147 0.0208856609800967 -0.0201936664123479 0.03507789478434125 0.9989622346714364
78 0.14122564007104602 -1.4461459370505634 0.848552679876693 0.01949824016282962 -0.022359730260275087 0.03402055273116302 0.9989807120686097
80 -0.8520774629763479 -1.7731406830167633 0.6935516947666462 0.01952803325267898 -0.017949934073755544 0.02529036170284416 0.9993282010375617
82 -1.663273943446178 -2.23472565663093 0.633366671723269 0.0206101703592593 -0.013211464136832869 0.008749953248977463 0.9996620010839986
84 -2.1399004802935617 -2.638544805380206 0.46913344195203044 0.026765655568835752 -0.011017634144607784 -0.007259662042980266 0.9995546551974274
86 -2.1231779063075833 -3.0762887116374222 0.30403617559222457 0.0309557501443403 -0.0063533313587455275 -0.027050304051672965 0.9991344542974981
88 -2.294076865640622 -3.6033254512633404 0.15235647935388855 0.03482860767730197 -0.003246060478383275 -0.04144089361921746 0.9985284590409389
90 -2.5509058222376577 -4.102047747253595 -0.03046507470223537 0.03765454815460637 -0.002061290214761651 -0.04762754604062473 0.9981530458522235
92 -2.8655851255033413 -4.417101555620563 -0.1429010548030496 0.04202700113955563 -0.002633144407556436 -0.049490998734597835 0.9978864859141028
94 -3.278087911961458 -4.6449281182599576 -0.19776217007181232 0.04405074176056296 -0.003411894257900076 -0.05308732323044357 0.997611962257943
96 -3.6752941726067974 -4.6676703928155865 -0.24853814288666068 0.04702353052836647 -0.006990793400640403 -0.056599974439183964 0.9972644379891228
98 -4.219895215825244 -4.655520172970513 -0.2731711322137709 0.046579647649720675 -0.009741154239131722 -0.05759751627845323 0.9972050804410649
100 -4.537186990115458 -4.666753023833436 -0.2752966489575346 0.04514601896474923 -0.01332097427446672 -0.05714931192583273 0.9972554059830497
102 -4.770305232454962 -4.603570152042314 -0.2641470437589324 0.045379202365615184 -0.015109850128511636 -0.05699000641046228 0.9972284390204132
104 -4.998977747382083 -4.4826992962924 -0.19267348121500324 0.04688462056269401 -0.015418491856870768 -0.05897666289122659 0.9970385427343149
106 -5.227215936360863 -4.361323063335415 -0.1400087248847726 0.04876566243096184 -0.014322512590479626 -0.06238513946869482 0.996757177137058
108 -5.348375241497922 -4.3780986124678645 -0.1291697616770684 0.04769233860627868 -0.013561263538099931 -0.06541448624072434 0.9966255455081293
110 -5.439847975525427 -4.405180651958663 -0.15307773335083633 0.04671705406124463 -0.012309501892023084 -0.06899263681785302 0.9964466915434708
112 -5.477404226805839 -4.487402279056721 -0.1606842733377539 0.04496032344017492 -0.01194372508951536 -0.07306019595321409 0.9962420009788882
114 -5.592309417935251 -4.420544892879565 -0.18264422687676338 0.04495277630295882 -0.011859295942782323 -0.07518028838385257 0.9960856033699707
116 -5.671993755303026 -4.42925942186589 -0.17518187654487793 0.044336593503713446 -0.011566431403100614 -0.07809314932338843 0.995892536456539
118 -5.717243879104913 -4.449211946781994 -0.17650192633167047 0.043529324594516326 -0.011633453397713902 -0.08203818054871934 0.9956101634649198
120 -5.8423989988239295 -4.4380460350816096 -0.18173456084121 0.042711021628180475 -0.012382780896941146 -0.08347284276514796 0.9955173127020145
122 -6.062579199246101 -4.378715438698717 -0.18057320518116904 0.0426575973520074 -0.013236659804161272 -0.08241576383901136 0.9955966864630552
124 -6.245286826651256 -4.2368774891124845 -0.2074343963505948 0.041893765885475165 -0.014352514115995205 -0.0858306778847726 0.9953250787819644
126 -6.123213772595246 -4.17355353893991 -0.19614773786047776 0.04146704817185201 -0.010567202032699017 -0.10855656631623452 0.9931688124718488
128 -6.2467462035173735 -4.236168436400823 -0.22712420639186698 0.0417122450734596 -0.003958343669984067 -0.14164258286792977 0.9890307370576626
130 -6.4665625916855305 -4.0302210960588 -0.2501199582520467 0.043190899628876504 -0.004552200841660418 -0.14458942875999362 0.9885381736420725
132 -7.265356178745315 -4.0700114044198 -0.23027934380632376 0.042271782931525934 -0.008650722341958178 -0.1448838469087649 0.988507426515183
134 -8.293635842243887 -4.061780996843814 -0.16749100729693986 0.036898873032395155 -0.017523935425055284 -0.12154405325174197 0.9917451426527358
136 -8.501475369182744 -4.2026613672657644 -0.3062498757628485 0.040379261646434815 -0.011045211640261447 -0.14708041660739474 0.988238265591505
138 -8.617414970041104 -4.43901954060868 -0.36838422526433373 0.04444766046556805 -0.0019353933697871149 -0.19256249552777985 0.9802756474827657
140 -9.21537102606407 -4.22335215474009 -0.3871873647039543 0.043781765963817575 -0.0006980931535222069 -0.20796063209359394 0.9771566123883475
142 -9.841054865534302 -3.9136578204201484 -0.3822494188953334 0.041287073090596794 -0.004598896709710727 -0.20437038077020453 0.9780117459460835
144 -10.260200165720848 -3.718467372726249 -0.33531616620471794 0.037560154161577736 -0.004908359504051469 -0.20585133932435637 0.9778498703403843
146 -10.67395495490831 -3.475343344205878 -0.2825821858553064 0.03553709981986678 -0.005173229323398411 -0.20630405101116728 0.9778287123883926
148 -10.873200415457273 -3.2822427070962847 -0.2517860016038349 0.03677532480250433 -0.005876206098160277 -0.20781348970408026 0.9774592570458241
150 -10.882560709275024 -3.1644672186115725 -0.2163667003136097 0.04049048458008696 -0.0042260047265899785 -0.21657413245348922 0.9754169911860974
152 -10.924509893677216 -3.0301686309749107 -0.2275274229414219 0.044607369852011726 -0.0019413111377612829 -0.22713124490952466 0.9728400749618622
154 -11.04920505761919 -2.8146830193028727 -0.14256596659511836 0.04654034662960258 -0.0005589315242692851 -0.2341907713945616 0.9710758808274293
156 -11.393261154720298 -2.5381684072047466 -0.09913712415711469 0.04606397791592308 -0.0011187855510251166 -0.2377361945546253 0.970236239302644
158 -11.751983790898901 -2.407715945838388 -0.06732243626416383 0.045074623093083944 -0.0011982881817709146 -0.24583417092638954 0.9682625691739739
160 -12.292045934933896 -2.1695814284616572 -0.03048374028258133 0.04447844547722207 -0.0019083199769776389 -0.2498275587063801 0.9672663630632492
162 -12.841777906953883 -2.007759906331307 -0.011031772835883512 0.04200835329378916 -0.0021965433450799026 -0.2545896729696355 0.9661338271006203
164 -13.314448405382205 -1.9342870441635855 0.022607868785357154 0.03896709295799377 -0.001900860361555719 -0.2571480331901092 0.9655841969619986
166 -13.659633405627885 -1.7732943081843102 0.024828838770671408 0.03635069788706336 -0.0042643186966450225 -0.2549342110299423 0.9662654864972243
168 -13.880506114013098 -1.599394867065812 0.03218845829830375 0.03341323908862581 -0.006876612721465169 -0.25217265500897895 0.9670807720748086
170 -14.04497618636235 -1.4970830213871147 0.056339213246626864 0.03155441901763914 -0.008183167683598877 -0.24988864351500162 0.9677256947344913
172 -14.168664585871275 -1.4551288410458625 0.05442115084177225 0.030487981552585447 -0.007946905667377779 -0.25192645727022384 0.9672333688404454
174 -14.324680698573104 -1.393101092627765 0.053282020900244205 0.030177058980071256 -0.007320547173065609 -0.2547662464284206 0.9665039650105804
176 -14.560582345990053 -1.251247877859355 0.05622742890586644 0.030389142317534066 -0.007043294212539498 -0.2586705141949101 0.9654617843923089
178 -14.665432360380407 -1.2549181989670073 0.04406263968787572 0.031803620575258366 -0.005072988088754947 -0.27386199905635755 0.9612296291641306
180 -14.81175718035895 -1.3311574404688276 -0.04736614790253932 0.03451224957976945 0.0004137686417847268 -0.3040995959477849 0.9520147946165798
182 -15.09192169764965 -1.2728278434917444 -0.07817558765522496 0.03565057570575513 -0.0004510949333342138 -0.31681051909285585 0.9478185100309681
184 -15.456411892482947 -1.1592238743296799 -0.07613800079465999 0.03330193770616894 -0.004719066745560245 -0.3119938526694232 0.949488571416505
186 -15.80069280124658 -1.0119690835085349 -0.0688907109445631 0.02990552799489014 -0.008215587863496568 -0.3042649874267891 0.9520824444015235
188 -16.098351248841094 -0.870556049603213 -0.05327888930503347 0.026677404864476575 -0.010598875192738824 -0.29759968260633873 0.9542590889412329
190 -16.38183291185691 -0.8119476059829799 0.012870890642701367 0.023898300435017505 -0.010993409827507778 -0.2945928498054857 0.9552607335278493
192 -16.656352264492845 -0.7324691352308079 0.023928104017452538 0.02177362365825368 -0.011648309413492491 -0.29128081694610464 0.956318833799589
194 -16.842443555558013 -0.703466903324105 0.016294708850950128 0.021482487469051466 -0.01219336379246058 -0.2922964061578685 0.9560087005664546
196 -17.0310474319026 -0.5489611216350162 0.015654637611519924 0.02091598141709082 -0.014567408669922793 -0.29281543066771776 0.955829187610884
198 -17.29109328550833 -0.3706921029984624 -0.008129339662001397 0.020217489716251036 -0.015003791813257386 -0.29508981531414696 0.9551377598224563
200 -17.504083899550086 -0.2359808353374004 -0.001944013499594578 0.02056090051448081 -0.014979783743104574 -0.3018827132458444 0.9530056048588438
202 -17.67749675609314 -0.08220404284496274 -0.009860109036115812 0.02212726795233993 -0.014885030092603856 -0.31425280921243753 0.9489646947037592
204 -17.87795320141752 0.08491052311783441 -0.0026751823132482493 0.02377380094404375 -0.01841365274470232 -0.3229472709863014 0.9459391121757103
206 -18.31262987831969 0.295372631495098 -0.07685546764268217 0.02224514375883981 -0.023447038429090575 -0.3256911583642655 0.9449236261896493
208 -18.96295685107531 0.5666927255435659 -0.175889810334866 0.020802935507571153 -0.02770379331646952 -0.3287383708345002 0.943785368212087
210 -19.733689732472037 0.8385382118044854 -0.27154207165918376 0.019088908600250462 -0.030419455611620346 -0.32684428796782833 0.9443956171602805
212 -20.532448530536726 1.1743599517392709 -0.4018236477954676 0.017809227864558616 -0.03411791737938463 -0.321921044319943 0.9459839535322567
214 -21.214574283773242 1.3783575750814354 -0.47475354247828716 0.015716930838675883 -0.03680725646527335 -0.31660633035382013 0.947712316864353
216 -21.837998192041677 1.5846500994747843 -0.489739088718516 0.013925850134904723 -0.03789171411749837 -0.31216966559950604 0.9491682614682975
218 -22.37243790698532 1.7367286998680964 -0.48467365506811283 0.012151021442112291 -0.038616716375576135 -0.30900522686269205 0.9501983328052191
220 -22.8888706395544 1.8532791107872473 -0.484010697913826 0.010957569323023383 -0.037542743906583485 -0.3062305599269744 0.9511536774997548
222 -23.304882925721706 2.0145717329772665 -0.528801201044647 0.011404708746193972 -0.03869615674814797 -0.3022423641151569 0.9523770752204288
224 -23.54331435657213 2.13956113162353 -0.5831743373564219 0.012331760524279638 -0.04021522566403926 -0.29938568196435644 0.9532045303825929
226 -23.6708523926655 2.1758159472525143 -0.6258843788089358 0.011878923827113228 -0.04186570481527621 -0.2974704714048747 0.9537386814904758
228 -23.756491057205885 2.178026519123324 -0.6702442024320614 0.00919837473438207 -0.04411761804513722 -0.29557434349237993 0.9542561674672676
230 -23.73928398207737 2.240464362856131 -0.6814196970750319 0.009424559440768658 -0.04547241343750393 -0.29600997589306083 0.9540553083900878
232 -23.677867826238543 2.2860167606321347 -0.6907770295378609 0.010277881294366903 -0.04587175687445726 -0.29827287489348125 0.9533223165226582
234 -23.574536582615632 2.3582549394405876 -0.6930550611185323 0.01283828735628635 -0.04713822555611742 -0.3000045557341269 0.9526859044868603
236 -23.557394857592815 2.3844516315732323 -0.6952213561208039 0.013688974366171582 -0.04783968512128533 -0.29996648005169346 0.9526510837414166
238 -23.555109862374074 2.430958904281599 -0.712462508544105 0.014159545287694406 -0.04846903534356761 -0.29957826310384367 0.9527345507358248
240 -23.558505971133787 2.423589244957524 -0.739581712084983 0.014793004370155688 -0.04945657277015595 -0.2983059313423234 0.9530733370300125
242 -23.592735077771643 2.392707862178228 -0.7675362078436236 0.013792437154668866 -0.0504721448516188 -0.2974782975187128 0.9532937604835038
244 -23.65789582078258 2.383007228596866 -0.7494827671861006 0.012767895241482636 -0.050320889781565695 -0.2976409303683456 0.9532652650087277
246 -23.78243115979217 2.4166707295907814 -0.7100598954247318 0.011815926148008244 -0.04900311524221657 -0.2996195188803958 0.9527262054187986
248 -23.874102118875353 2.4647394161473133 -0.682328758735502 0.010590389268996366 -0.04676809844996334 -0.30215951200939123 0.9520505332831615
250 -23.801034996022086 2.4510400583420444 -0.6611259107108893 0.011186418836122952 -0.04522521430939929 -0.3071576783031463 0.9505175983030049
252 -23.671433751508843 2.4247402072730964 -0.6704698419106273 0.011854492364053268 -0.04517521409873777 -0.3106166041981131 0.949387168776973
254 -23.611521008339917 2.360275299855255 -0.6708126967837165 0.01148104076085961 -0.04490108058066137 -0.3132832220869965 0.9485281763999033
256 -23.55665561035806 2.275036810048461 -0.68369926165932 0.011302573107993878 -0.0447918568381119 -0.3151573447612334 0.9479144420490604
258 -23.42594983274896 2.10838631008346 -0.6851535457270858 0.013146803540830412 -0.04417098947201273 -0.3195391099080255 0.9464517116498385
260 -23.245048245657063 1.8481926498268486 -0.6879754005284043 0.015076373729145129 -0.04288872247124623 -0.3241920530113222 0.9448982872268673
262 -23.059392133789462 1.6502054337194858 -0.7094788545234968 0.01672872957414775 -0.04177304952604299 -0.3250141126612222 0.9446380198314952
264 -22.910670149581467 1.4897377791963136 -0.7070550335354737 0.018807684569800826 -0.04053519632894168 -0.3240397483421 0.9449875186234395
266 -22.726904772022667 1.3894292964996473 -0.7051169929932888 0.020035867885382398 -0.04059377259080174 -0.3234992706942376 0.9451449261807536
268 -22.599235357174933 1.3216999460646035 -0.7147289441283072 0.020035425835087245 -0.04185345370972634 -0.32031355493122254 0.9461744536032968
270 -22.344113069867557 1.2434274180541238 -0.7187162308382261 0.02237556289661495 -0.04379937551528987 -0.3212689931653436 0.9457098830614263
272 -22.136740649367553 1.0803611609436303 -0.6775670750449111 0.021464034725694824 -0.04323876911714238 -0.32274564650011983 0.9452539086000906
274 -22.111658172357377 0.9470213175355033 -0.6340981065959408 0.01776683112255144 -0.04094361855358804 -0.32297838322111405 0.9453533327721844
276 -22.123599844263268 0.844109718166456 -0.5947467649424821 0.014576875436005962 -0.03904117147273537 -0.32330488147007325 0.9453767795171306
278 -22.05254511342837 0.871906616213181 -0.5685506325566011 0.015127396821943691 -0.03924163288972237 -0.32197760151710597 0.9458127088566909
280 -21.91968995256507 0.9950972638784586 -0.5489352960759283 0.016944160183865572 -0.041571006640022085 -0.3167190185101854 0.9474564951260525
282 -21.72150943867115 1.0317589803454197 -0.4949720188518795 0.017262988301210515 -0.044032385666419316 -0.31269415582221405 0.9486756575152906
284 -21.49288021283123 1.0910757313028694 -0.45646484388050734 0.017510049295400926 -0.04596912906182772 -0.308634902846995 0.9499077503060998
286 -21.29202301977124 1.144894945886249 -0.39823540453000544 0.017768313812055434 -0.047835917370044764 -0.3048855219002688 0.9510209411833387
288 -21.058243426468074 1.2382426751735283 -0.3708641196903963 0.018791936025390265 -0.04902739430286495 -0.3011353584865731 0.9521347980288569
290 -20.805730588505945 1.3115091899279272 -0.3149573368712097 0.019737210652467838 -0.05037142906019527 -0.2961246125062144 0.9536159476005727
292 -20.465871639911303 1.2647580457899852 -0.273078672072437 0.021575549912656873 -0.05127200958652629 -0.29408726013700126 0.9541584564966331
294 -20.156823195821538 1.3160549954158551 -0.22538716849182172 0.025548276371114082 -0.050512983350743626 -0.2941655836726622 0.9540766916081718
296 -19.839328896694308 1.2855268768490347 -0.19557318673051172 0.026708122553552493 -0.04985306081816787 -0.2932013788837525 0.9543763932209297
298 -19.480736305434505 1.209273219893624 -0.15328072504790435 0.026504236208102095 -0.05017602299314737 -0.29227689286664654 0.9546486841115087
300 -18.941134800117204 0.9298000572520524 -0.06964005128662516 0.024634261782827502 -0.0504610330654031 -0.29764205118020276 0.95302468313136
302 -18.6434432186496 0.7087807552501866 0.0003031312711296644 0.02216012175440331 -0.04633015531481373 -0.3030664267467882 0.9515845662321709
304 -18.45214214141536 0.5473585662247104 0.031733425285343494 0.019234519637762855 -0.042241664506940224 -0.307887219956936 0.9502900266872093
306 -18.30645419538873 0.4571445274481553 0.04593949922539024 0.017752583805655413 -0.04041025521414115 -0.30686197879111204 0.9507300263556181
308 -18.005375733733096 0.33055741607675376 0.019053991270498193 0.01974355833766226 -0.038950396935459826 -0.30924273400527086 0.9499799944986647
310 -17.78751143886491 0.22426465976455828 0.018033311826360452 0.01983347735797841 -0.03757297157313084 -0.31139295246243165 0.9493309929312247
312 -17.598294781455007 0.17902183281700973 0.020336042652034283 0.020057801550686292 -0.03787010770835142 -0.30982242803756 0.9498281963723871
314 -17.35023230731017 0.12402474300496831 0.05861510002266478 0.01951622680733979 -0.040425200692810866 -0.30574616514874237 0.9510542584610977
316 -17.053059745315394 0.09012700368739497 0.11760860510753265 0.02063919677314598 -0.04203125826044736 -0.3003679264893542 0.9526733467574753
318 -16.71054593242858 0.007817279722863857 0.16764138012555183 0.020714617236906933 -0.04319121390426591 -0.29534053816512695 0.9541904370672227
320 -16.31037984983545 -0.06898101445751019 0.21022616225789806 0.022876552819244576 -0.04273687160416466 -0.2905211442400543 0.9556399363180921
322 -15.863290532153684 -0.11123773020220246 0.2483981725904897 0.026828171847771264 -0.04082119617933692 -0.2862500857082726 0.9569089651423489
324 -15.363721713102601 -0.17249149665358987 0.3152106385002841 0.030436307231348353 -0.037001268197883054 -0.28479134092169467 0.9573914713897812
326 -14.803987514716013 -0.2899666889479162 0.34168360944520104 0.034236248905032345 -0.03254232330248287 -0.2854948301117584 0.9572155339496154
328 -14.1198128943264 -0.4539391350399787 0.4331621565510647 0.037317733020167256 -0.03007401934991122 -0.28540665380391433 0.9572073872086598
330 -13.478957881841168 -0.6335954521592696 0.5438800237348722 0.03774238514868717 -0.029795763426859877 -0.2771778907672998 0.9596145797740308
332 -12.776858529937442 -0.8197221800974251 0.6681623347685902 0.0371617775848557 -0.03105311508523263 -0.2682768309945865 0.9621238216995457
334 -12.110393788463115 -0.9644157613077973 0.7294003945863394 0.03594592371874706 -0.028258642282926925 -0.25590348921215766 0.9656203932774902
336 -11.538220597174291 -1.171327274196702 0.6202842987168943 0.03216032004145973 -0.020967859125406874 -0.2407155631714697 0.9698361100441508
338 -10.750472654753773 -1.3147040994864876 0.6111656432208712 0.03286244901277862 -0.019795895365503614 -0.2221064215133407 0.9742673757722256
340 -10.045240106593408 -1.537922899745711 0.6931234316910473 0.029394266051559825 -0.023667130901607634 -0.19141207163541724 0.9807840041876775
342 -9.613165843440902 -1.643088431697685 0.7457502740037236 0.027689008947401887 -0.025865624136431717 -0.1637598678558751 0.9857722830103157
344 -8.855637372588378 -1.8576816248581505 0.7428632289419478 0.02649854437398292 -0.02873988584751173 -0.1431104214709957 0.9889344029681272
346 -8.095592499490335 -2.0298934197328986 0.6545544857959097 0.02603837401247123 -0.026452969133891818 -0.13248219272250966 0.9904901373129485
348 -7.521823093962691 -2.1230644519728337 0.6586077542951797 0.02445993407083604 -0.023917954616111525 -0.1270153151299169 0.9913106237676866
350 -7.118956860348261 -2.216356595042386 0.6317223782949659 0.023599947894037226 -0.02068591821534961 -0.11734490390950619 0.9925952391450683
352 -6.642728222140339 -2.371151203378361 0.6448950934975998 0.023184879600066828 -0.020439592461611956 -0.11245709437818391 0.9931757580317544
354 -6.1469503692656255 -2.4850675769414483 0.6038281528290961 0.024319751138723904 -0.020010664675181356 -0.10337241868392545 0.9941439865830518
356 -5.755651270521476 -2.6003131158895005 0.6460655212702149 0.02495992779987323 -0.023154173080519286 -0.08937767782052289 0.9954157508200245
358 -5.528599866946227 -2.7130200689092905 0.6209124044897082 0.024817564299494308 -0.023056794381268345 -0.0762520148978995 0.9965129717967102
360 -5.348187950344877 -2.8638448006384616 0.5979927821631447 0.023774535315422795 -0.023206351203049078 -0.06975366556324125 0.9970108639703321
362 -5.234211540714564 -2.937764101413946 0.6328321252505633 0.021297460893307866 -0.021743220318984794 -0.0714775163272783 0.9969777405686356
364 -5.094249728752671 -3.0197573295826445 0.5468482520868257 0.02021477493005027 -0.018068837080179166 -0.07505616976897546 0.9968106396807309
366 -4.891239908595811 -3.096115297059585 0.5175564258842176 0.019027191419292298 -0.015248717635357827 -0.08160346611404624 0.9963665575054917
368 -4.778073423707751 -3.0864399676840404 0.5557436109354278 0.01956705831737175 -0.015751025862156272 -0.07767855846821967 0.9966619672523848
370 -4.59675665925195 -3.157884885654801 0.626690102344151 0.018801491429144952 -0.01750640663822582 -0.06925573972828657 0.9972681044540354
372 -4.043248363570182 -3.2012754342207046 0.6195532151614702 0.01890093324362108 -0.015160006188811222 -0.06199063191641518 0.9977825867840543
374 -3.376177883852061 -3.3238581409458363 0.5586299219861914 0.017416202819869168 -0.01447456836072228 -0.050534790163628975 0.9984655215545633
376 -3.101328933874256 -3.448533980142015 0.5140199634323294 0.017154722276462663 -0.015243992896826241 -0.031640197570759816 0.9992358250592611
378 -2.9153477554218865 -3.617082291152684 0.47071624713066007 0.016416369468869096 -0.017654021604406503 -0.011917958896966183 0.9996383348943672
380 -2.636444763312954 -3.826534559815021 0.43087725726012305 0.015531108902412756 -0.02005587300318143 0.0003422952097979601 0.9996781629346172
382 -2.5003886440615513 -3.9753499520979267 0.38966251601580904 0.015919259752482148 -0.01883680139058198 0.0030821802196073413 0.9996910784074242
384 -2.2968949701958485 -4.114432787984337 0.3807262038672896 0.015514028697651635 -0.019496151064929385 0.004323422280023118 0.9996802103808049
386 -2.1396892315477394 -4.208661287296226 0.35641741252306763 0.015179838699788274 -0.01677067733063223 0.005146513806923505 0.999730878924201
388 -2.0433967017909413 -4.297582795086224 0.37778635880071465 0.014743299342610263 -0.01817055780246838 0.024040930577607034 0.9994370913722403
390 -1.9792279725125397 -4.276776863414086 0.3248616144918681 0.015568992691990819 -0.018735951777578 0.049104719736266296 0.9984965183099878
392 -1.7794039284809422 -4.307944382479458 0.3783130610309623 0.014368906523538815 -0.022229129296772718 0.06861153584428323 0.9972922628222449
394 -1.4934910740103395 -4.273102124726194 0.34338722537843 0.014292744169454707 -0.02280628539315582 0.07944941050903165 0.9964754798691435
396 -1.1493415917205352 -4.259991940665112 0.39206507084618675 0.015419484976147974 -0.025592685918815423 0.09001000074216288 0.9954925683685073
398 -0.6547108649875499 -4.314575522113356 0.42572443405533444 0.015286407308211679 -0.028130949512042414 0.09794770093178408 0.994676441519219
400 -0.12630135033297837 -4.318882987458205 0.44361651475502994 0.01718079484259603 -0.028977251706886385 0.10367655059670194 0.9940403975837511
402 0.342104412948195 -4.344705777550849 0.43540445859566557 0.01836431697127571 -0.027175633194641613 0.10738417671184185 0.9936764440272139
404 0.8633161358620204 -4.362173854821748 0.4444114810594742 0.018989350443778204 -0.02556141305525787 0.11282460530814256 0.9931045398997045
406 1.2756497032922711 -4.446705563068128 0.4387126999635969 0.02033067687108243 -0.02678925889911389 0.1210670879984294 0.9920744727031235
408 1.7143817145968971 -4.481925361517641 0.48467991020376977 0.021319267937670267 -0.029158411358965602 0.12395447253957041 0.9916302559921516
410 2.029313083076786 -4.358990010696795 0.4572968181355686 0.02617947546014214 -0.027540147325794812 0.12883933991419805 0.9909372330477744
412 2.168474261963864 -4.273621292863428 0.4583529591767163 0.03128510822233249 -0.0261559723708339 0.1351588747242948 0.9899844370979352
414 2.370082485658098 -4.196019317505891 0.42663099262155846 0.034378005649944955 -0.021259678961800813 0.13564207658051058 0.9899330309868948
416 2.4590820444417303 -4.166150970241078 0.3797223741572512 0.03713168463362713 -0.0182008814598036 0.14151271314826724 0.9890723522208935
418 2.5688776545458127 -4.175612544610781 0.35736287796999383 0.03815610929155152 -0.016949459068710673 0.14778861326581294 0.9881373148252106
420 2.871642443545771 -4.207184227737396 0.34135304146866036 0.03787091106231609 -0.01637629632880424 0.15159739023267368 0.987580802916148
422 3.348379281976315 -4.133215608690705 0.32851838593971655 0.03928064457106593 -0.016112434441869244 0.15204852059055876 0.9874607170944373
424 3.7609906941247657 -4.104691672203834 0.3253921915268718 0.03950435973727049 -0.014531240707334428 0.1490264000443708 0.987936931537165
426 4.031916661789574 -4.1135391677660795 0.3190374830173612 0.03997071022550261 -0.013610872287228027 0.14985175148924076 0.9878064279276869
428 4.246941988923683 -4.091078838511674 0.32927463583829264 0.04158944400170885 -0.013231751439549286 0.15120425712671093 0.9875386126771095
430 4.538575703049898 -4.020904429833279 0.2791658293997321 0.0421725886722172 -0.008820876204620694 0.14672083848329723 0.9882391716899431
432 4.838933794789173 -4.022048973147554 0.25839284742268304 0.03965755558132056 -0.004494603510924265 0.13875714365966416 0.9895218703535589
434 5.015204270916662 -4.045719546388472 0.25859715044631426 0.03919514677026812 -0.004344122343852272 0.13726717529603247 0.9897487517834852
436 5.142232749392179 -3.976255997137013 0.26780572974182965 0.04028339184736833 -0.003232996952442164 0.1347262472030971 0.9900583994828521
438 5.235210266506282 -3.9175824262736727 0.2487047443649622 0.04106709831962752 -0.0011205392639430285 0.13186324093536603 0.9904162375069311
440 5.231683842229445 -3.901960182686566 0.2706835125864899 0.041131359544194994 -0.000807248899310209 0.1310222139273301 0.9905254863297771
442 5.10862019369317 -3.8633592378561703 0.2674447886500912 0.04053594328382833 0.0013072513795117945 0.13223379750202738 0.9903884849866309
444 5.011454390892042 -3.868550972253902 0.30022734377809784 0.039329778164872146 0.0005350781871835526 0.13473930652348204 0.990100096716694
446 5.124480284863124 -3.8591668872291933 0.27499912492951006 0.036827469870798234 0.00197937786279462 0.13019113389926196 0.9908027493806303
448 5.360957451448986 -3.841497125860288 0.30185397084068427 0.034696527803761264 5.825716884740034e-05 0.12745056894468887 0.9912378624932263
450 5.583860619968587 -3.811378454359794 0.31074748235534294 0.03375445105359219 4.2166987844071316e-05 0.12435684966536542 0.9916632539311525
452 5.4867925925249414 -3.78318033283455 0.4172388397951062 0.037041427003101805 -0.009343609643752294 0.14759563950604215 0.9883097474188958
454 5.490367549644008 -3.7299717775991668 0.4891989955237213 0.040285626094999374 -0.016237695842352122 0.167485170103466 0.9849173180319646
456 5.634907974503684 -3.6415058551019674 0.48899535580129383 0.043873578884625605 -0.019753271917863996 0.18128312046631634 0.982253199311862
458 5.842057758597728 -3.6679734818551077 0.4825052771979183 0.043497081902840594 -0.020314476443213453 0.19081077855424297 0.9804522286681281
460 6.180591260247114 -3.6569585601260246 0.47465119658209115 0.04353287668514261 -0.021112229539685 0.19937109031346767 0.9787289363039181
462 6.510708845768019 -3.5631929862084326 0.5050997104633164 0.04502132296923128 -0.02146775353996743 0.20765269386837107 0.9769301790636093
464 6.77037975550033 -3.448343441293147 0.5403406761972711 0.04825375238087253 -0.02225156802735824 0.2187677261860399 0.9743290640645382
466 7.041532326583288 -3.416588014311092 0.5035208740444771 0.047679300845908795 -0.019409827230104995 0.22529669495099627 0.9729292585393352
468 7.276356805539509 -3.4255711886875346 0.40870186787500506 0.04429627261897096 -0.01396401176348896 0.2301951769494045 0.9720355071275778
470 7.522370306717028 -3.419843845133786 0.37795946244796674 0.040935315567656 -0.0073877473952038576 0.2271706949688549 0.9729661846514341
472 7.735845512931581 -3.3794421940071553 0.35461536937354116 0.036955729471632344 -0.001306096931064128 0.22196260269624316 0.9743537197416223
474 7.878843617255444 -3.316225326245428 0.41180979434883463 0.035245798420267906 -0.002528886330585533 0.22268389321810547 0.9742500819239751
476 8.002327052771113 -3.215116531268759 0.4669099825927331 0.033430537606697834 -0.0031755833557011947 0.22149783141806742 0.9745824877878586
478 8.293319492600231 -3.108688990640617 0.5313000299560975 0.029574933087474123 -0.0003240262848696522 0.2160870371439496 0.9759260272777786
480 8.658322122473402 -2.8927063373293938 0.5364513132873339 0.027823892882634073 0.00871681972764853 0.20833907088460252 0.9776219512580677
482 9.011484959785074 -2.7317542946009374 0.6273343100906786 0.02739462552996386 0.009499008532435372 0.21623998926849528 0.9759096117828407
484 9.191880447257942 -2.6200696463406516 0.6638493524234205 0.02924413541975729 0.00444099370401907 0.2400315663955226 0.9703143332200054
486 9.329556452855384 -2.5667867550704844 0.7318620604044169 0.030462538044888545 -0.0016495434562179149 0.26287678486999644 0.9643469856636994
488 9.497518610014653 -2.51085061786986 0.8027693940814328 0.03140672574267703 -0.006374308540407174 0.2762259562196724 0.960558278752145
490 9.670499805523573 -2.3962548847592733 0.797058396539656 0.032128047836393316 -0.003111625654743545 0.2770589073265513 0.9603106102709813
492 9.718739683424461 -2.3577630774918497 0.8320199574812099 0.031151384726347094 -0.002445629043549551 0.2802753123928021 0.9594109439605792
494 9.730054609397758 -2.4063079844514204 0.8696717151537324 0.027984857274791327 -0.0008585527889505104 0.2843925692839127 0.9582990019751211
496 9.64398237116121 -2.4999067743761896 0.853021407918003 0.027149851560277383 -0.0024507686177221285 0.2935422190187394 0.9555573478064996
498 9.548127647044693 -2.5681315773535265 0.8404659887832655 0.026655622980120433 -0.003762823342113087 0.29978084897462304 0.9536282092682095
500 9.663611317560672 -2.5216491821398463 0.887252245224944 0.026412569097788403 -0.005241214246047826 0.29916538273709803 0.9538212514085892
502 9.828099817101384 -2.5110192919412526 0.9490281851261777 0.025834779636991243 -0.005062435733360106 0.29465185990426246 0.9552419679644067
504 9.944367718358954 -2.560183831402803 0.9938836974067865 0.02629469642296349 -0.00454594994362557 0.2921256906158796 0.9560075858283392
506 9.909148221404118 -2.6343799850414347 0.9672462363416388 0.028652308072392902 -0.005750394672743091 0.30094502840540527 0.9531936152121994
508 9.886991859302563 -2.7472916031522625 0.9882583833848075 0.03256454751112351 -0.011689856773664072 0.31657974688779433 0.9479346820084531
510 9.906788713371053 -2.89430460915426 0.9734608727391421 0.036544665141000576 -0.014712795707510199 0.324965428519603 0.9449050171098003
512 10.077766042448351 -3.0315648426842627 0.8689712037240389 0.0401365900912305 -0.011926267016384145 0.3221872427836057 0.9457495434196097
514 10.250238031879586 -3.1997423245441827 0.7530076041007782 0.04438157324667468 -0.010479970667317914 0.3217502322371407 0.9457257711547826
516 10.235125454550959 -3.3129813448086174 0.685866504428004 0.04906027464815773 -0.012639478174313636 0.32944911638170166 0.9428131377734638
518 10.153387713683514 -3.5008818437325058 0.630806497655618 0.052658460576001986 -0.015406706021085811 0.3377605559086013 0.9396315910034411
520 10.101275065109249 -3.682249760088941 0.49969330950270596 0.05500784260449166 -0.012732650496719886 0.3396103480076845 0.938869974165447
522 10.094573134859534 -3.956224489582452 0.3711724003466578 0.054441361450906216 -0.010487107546385049 0.34246102334509954 0.9378947735370475
524 10.112160946537754 -4.152161846878668 0.28662858457473583 0.05350613754767985 -0.008887899682485729 0.34580431911825205 0.9367376747858094
526 10.145096714592578 -4.181013362283783 0.28395724502056924 0.05525011458451533 -0.011475644094714969 0.3512967750220226 0.9345620954704592
528 10.137916745679858 -4.1908561247311376 0.2630555491270971 0.05843257049979036 -0.013764928745126028 0.35605048662568933 0.9325364402612041
530 10.159536419571406 -4.258911971529548 0.23457569071392337 0.06009940705710983 -0.01566475522070559 0.36037885616782234 0.9307361370132952
532 10.281315509650087 -4.258579761794684 0.1925949469008604 0.06263314842301472 -0.015168596148227543 0.3610109236312372 0.9303322607694702
534 10.374167681386774 -4.144303160332604 0.19560901559536578 0.0671243486882728 -0.014520314639518788 0.3618827743843465 0.9296904537962262
536 10.426272307160692 -4.074680562302539 0.17767021371333433 0.06866667278885805 -0.011254891460985624 0.3620572709530022 0.929555134468297
538 10.460102947649723 -4.017621604436537 0.15790728480824803 0.0685478734132598 -0.009101850913491225 0.3622612133390992 0.9295080196913591
540 10.511664284050708 -3.938520311456246 0.17276422124793234 0.06865791805983842 -0.006593454650519691 0.36022226240034605 0.9303131399236692
542 10.574942632945898 -3.8291408805151343 0.15021496378724067 0.06919158718834079 -0.002967692120181606 0.35551236635955336 0.9321022875367643
544 10.571382806481079 -3.876529548847259 0.15791915008921606 0.06473756594720179 0.0006352212816971431 0.35053666720725185 0.9343086690127559
546 10.57566267257592 -3.9603006674783585 0.13001745854833335 0.059089381811398625 0.00556468481988984 0.345176172158478 0.9366594308573541
548 10.561329949266067 -4.079240191278015 0.07000426596967797 0.05240800795288789 0.009858515188900782 0.3398148011560199 0.938979292261536
550 10.572601543639117 -4.196097284573098 0.012782294377781736 0.04754732527320542 0.01264181403546477 0.3378655104144462 0.9399076195401559
552 10.69453571868649 -4.208256791587889 0.01667598808487673 0.04529868295892288 0.015367083698150031 0.33381099061419334 0.9414255704015968
554 10.820451950689005 -4.213648493076353 0.06192650372546562 0.04277429229699278 0.017254378304820808 0.326139889572988 0.9441956464510546
556 10.945544423906135 -4.278311199574252 0.2200857405473529 0.0398384457009547 0.017582645846719803 0.31771453646237424 0.9471859490774024
558 11.08440624589908 -4.659413894650625 0.8412736698802813 0.038124353468541636 0.013844479976703331 0.32009178479020095 0.9465178885560506
560 11.291578775839124 -4.9343566642908945 1.312053144496893 0.03614923233856331 0.013639013220565451 0.3186832358053962 0.9470734953192936
562 11.423958760204226 -4.898115778299378 1.2909865686846849 0.03435466495536055 0.018889282672997724 0.3115896363756925 0.9494076313676693
564 11.598611946769767 -5.0715355477917585 1.482892066681199 0.029140158183019543 0.021929462305508976 0.3074692208860513 0.9508588896738488
566 11.87544764708516 -5.282385787982789 1.9523823155064637 0.024091672767906636 0.02063138403799555 0.30502052069813185 0.9518174295782575
568 12.113815807658153 -5.283121100078527 2.1836118396609456 0.020696530696056883 0.025963169937836574 0.2957301702862846 0.9546943143259896
570 12.274000603648316 -5.252782218835308 2.0299642940025464 0.01589526812653349 0.036130713030529 0.2840207063481091 0.9580052976850453
572 12.465129854028582 -5.406492058269958 1.906065099312586 0.00788094187480138 0.040541303285046806 0.27395685415487586 0.9608547942039317
574 12.569315745804905 -5.514129456230074 1.8334095627163265 -0.0002528703887564845 0.04492901177871951 0.2610613057667261 0.9642760572515144
576 12.321526060725231 -5.48600098046091 1.847260238381021 -0.004898366082335036 0.042285548274090465 0.2654613113948272 0.9631813072155323
578 11.956045868465129 -5.239075354977053 2.011335869991389 -0.005200695936733696 0.036147848691804325 0.28156666417059634 0.9588464420461552
580 11.94280745437643 -5.165240656876312 2.074510116464837 -0.006304898081921249 0.03332281685034968 0.28541480929358914 0.9578038550628405
582 11.939446907565236 -5.17709173026946 2.062675898142616 -0.0061030063819089075 0.03393952506183407 0.28336418835259525 0.9583921946212597
584 11.947991196944697 -5.1633363898296345 2.0537861682405962 -0.0054951919885016035 0.03379006844542233 0.28291403116579433 0.9585341335127212
586 11.958450981730811 -5.141209791183195 2.031441424102506 -0.0050981291024016695 0.03468870304379654 0.2809982212894545 0.9590676214912884
588 11.928447419816603 -5.14681074250298 1.9706329430456486 -0.0065732153805539645 0.037441887884251096 0.277706725388769 0.959913471384307
590 11.947554799544276 -5.182122572552522 1.9409478741207358 -0.00801379404728023 0.03730199134178382 0.2758441076341211 0.9604448806831347
592 11.959596950290933 -5.168694032416766 1.9228833452529983 -0.006932710155123501 0.036879413912769915 0.2742648489791122 0.9609217652721892
594 11.921125331045594 -5.116881293879369 1.908969865737242 -0.0047368815244434 0.03703583926024099 0.27382595809898486 0.9610542405269777
596 11.936201141007306 -5.243231957290764 1.9000551437925213 -0.00800807077743629 0.03566724583224293 0.27529524814800566 0.9606644808278768
598 11.886799628008657 -5.371798574795782 1.8780047504886404 -0.011215179189870248 0.034842915292717165 0.27758766846723176 0.960002748602612
600 11.814245121757125 -5.524371178460541 1.8195946158845346 -0.015237997877937882 0.03521373043176901 0.280908092189204 0.9589673823193218
602 11.707232410880023 -5.5623637880329895 1.7902166571380163 -0.015268774718556139 0.03562966329241384 0.28503970679598284 0.9577315684271472
604 11.639927757470899 -5.467737256535985 1.8555941532375289 -0.010552630952196265 0.03339539487715706 0.2887381036736548 0.9567673160533481
606 11.658207122426 -5.4122351225058996 1.9733031259192064 -0.006928395576631882 0.02785533074575267 0.2903342562961923 0.9564946928784892
608 11.663197588686659 -5.364933118846964 2.0555718640209104 -0.003356538628372129 0.023547246039967176 0.29263089558366767 0.9559296102759189
610 11.5884114560668 -5.311552610789742 2.078177768410886 0.0011529281699692482 0.02210838752659248 0.29532766696312296 0.955139497185478
612 11.472901776227934 -5.258299049041661 2.131381683983779 0.006857444011709401 0.017613385311444622 0.30002300048435754 0.9537446950310445
614 11.337679132704556 -5.259489262387593 2.164530732265431 0.01102787390974684 0.013342580533578192 0.30467846044199154 0.9522979561484071
616 11.309809945938845 -5.292866867224925 2.2225068847868785 0.014454665426114557 0.008077093100194227 0.3096703245754565 0.9506998018784907
618 11.322399741850122 -5.198413816214947 2.282023857757838 0.019339713290716497 0.005349090297917413 0.3112064020455528 0.9501304847486367
620 11.297150918458547 -5.141230790252982 2.3187409353830537 0.023712209825538087 0.00324344357782785 0.31369406396138233 0.9492224425361735
622 11.261295805207117 -5.179448709952204 2.343809221732692 0.023984269785631923 0.0005169019970078967 0.31619398295661716 0.9483911918386875
624 11.252186755191952 -5.247506753857518 2.3076659572183114 0.02099440953659317 0.0017111868508200814 0.3161655196596723 0.9484701739043251
626 11.252306553389499 -5.299704087238399 2.2918565872784495 0.01864890726101556 0.002807353111898146 0.3163293026383525 0.9484619704125246
628 11.2527501102156 -5.313430706647119 2.2924565176270923 0.019059021809602693 0.002056193903948817 0.3185531950302824 0.9477111309308809
630 11.287611537581414 -5.277851582783265 2.3365277762306826 0.0224478348903246 -0.0008839527137529846 0.32147378537171684 0.9466519522269607
632 11.298202344100346 -5.236858445033426 2.3867904100614115 0.0254182870055047 -0.0039498277698733035 0.3251820216451162 0.9453015192757754
634 11.32375580964029 -5.185467023714192 2.459607472451308 0.02593703204980015 -0.0062494597617532895 0.3264653057675809 0.9448325876848309
636 11.365224008662402 -5.095913207963366 2.511155794881902 0.029037419168803567 -0.00803985999117846 0.32667684202249675 0.9446557202629676
638 11.256587940956916 -5.020329531340228 2.4088241052095922 0.033809980354433875 -0.00523443001960168 0.32739227598320214 0.9442689148740105
640 11.206979430556457 -5.051408125818789 2.41728086131745 0.03319374771324974 -0.004232638778059743 0.32853755962076814 0.9438979456488683
642 11.401572211704789 -5.082069999090028 2.5694353622445965 0.03284067523269238 -0.012445166600738411 0.33040082545057364 0.9431870983108921
644 11.36592578398325 -4.911609378589137 2.5842446090334534 0.03988034949080165 -0.01215190408434472 0.32876895207839185 0.9434897270775621
646 11.205103062786396 -4.873790153283745 2.475623444780562 0.04141094976379142 -0.007656229146908046 0.3296417549985607 0.943166384449944
648 11.331276441371688 -5.034288582997475 2.4950969884363117 0.03557255115493702 -0.007368088643289344 0.3288786742281626 0.9436732074780974
650 11.400582296743426 -5.134076755070612 2.5260393507456693 0.0329307221858036 -0.01116790691682097 0.3288193333663212 0.9437524523920172
652 11.376011432426761 -5.111937703873418 2.4743637267438423 0.03441225554323871 -0.009661892372410158 0.3293001826586089 0.9435485330417389
654 11.240967158548482 -5.13099329612638 2.4480171300306126 0.03380462249419037 -0.00689930060962016 0.33255367868031993 0.9424530216118518
656 11.41459924913192 -5.1822884966989236 2.514298120252834 0.03176597696487962 -0.011225042331744027 0.3313319208649991 0.9429125512729307
658 11.514245090534834 -5.124051220404434 2.5670046093851653 0.03398348304335819 -0.013344350247583249 0.3301017522664639 0.9432390388164188
660 11.338155090011261 -5.048629907484136 2.564515824534625 0.03651265420766201 -0.01415114171203682 0.3346695632553781 0.9415215635881166
662 11.483699911985772 -5.002165310491099 2.5809537727404717 0.03607598046648892 -0.011807445645494942 0.3315431013837391 0.9426761266657611
664 11.351684309896843 -4.952925785461375 2.6119489023638973 0.037525126245075854 -0.01282436235662818 0.33500629129382165 0.9413809990774172
666 11.459126817746009 -4.890528105070721 2.658287813138481 0.037062329160875936 -0.011391550672033976 0.3325169852868363 0.9422998837027474
668 11.43234164157662 -4.765383443918878 2.6729125819405395 0.04053288928908856 -0.009730480910191566 0.3308475626875907 0.942763116000417
670 11.444970531756988 -4.701610823909219 2.6987983013103665 0.04185493123783866 -0.007990255866012009 0.33014397751202157 0.9429683317348538
672 11.541088040571868 -4.684402261248922 2.72061268977487 0.03895366197120927 -0.003283775052911858 0.3251591572681216 0.944850967870129
674 11.550061175019046 -4.721075665140133 2.7561025444823652 0.03524327915507458 0.0002584552230923691 0.32357093027602524 0.9455473005384779
676 11.65191093437203 -4.9074756939343125 3.0739760108374568 0.03118987276281883 -0.0012642611458595007 0.3249365337928464 0.9452205258496477
678 11.651591124398777 -5.227638925647326 3.7634586739786404 0.030533617452425103 -0.008070440331425194 0.3338502917497424 0.9420968893360904
680 11.625518626681245 -5.634760296197595 4.675408768167291 0.03194822329636607 -0.02440800302521394 0.3501077507508114 0.9358462070664894
682 11.462631240831035 -5.672528375423251 4.928982421486547 0.03276817991051202 -0.034998479714771685 0.3602257490687328 0.9316323107915898
684 11.413093435393307 -5.508526622892384 4.88863492985269 0.034145011273072214 -0.036466187267861765 0.3648745298565479 0.9297155010288203
686 11.609145035003754 -5.457081569367604 4.86452503207586 0.032075081975524784 -0.03115323832604209 0.362270547659396 0.9309998470228797
688 11.69639774833073 -5.359594683724973 4.832131653235427 0.03387834079215129 -0.027848230138190044 0.35900647094476823 0.9323041820796069
690 11.706309153653873 -5.278923699241437 4.753377061560663 0.03419632500474708 -0.024344596325687168 0.3554770621084109 0.9337419398852567
692 11.704435738404861 -5.195365376333194 4.620938603185158 0.033378429989206516 -0.0246209799145464 0.3523744180040714 0.9349395474017531
694 11.642988316081285 -4.950787300550038 4.12652815807946 0.0326573410221595 -0.020716650662341643 0.34441368053150373 0.9380210739239498
696 11.464330580501123 -4.628912444416907 3.3409396787600714 0.03515387019950855 -0.01748743720766833 0.3345768904219779 0.9415501576365775
698 11.221119175778977 -4.574462997225211 2.881019489264236 0.039121185149535664 -0.017024952798334818 0.32880514663196514 0.9434335479529239
700 11.163823259824474 -4.846878683915347 2.7693309148839207 0.0387609552360705 -0.017556256316152825 0.3230398413194234 0.9454282770965076
702 11.118909209238478 -4.947680841105139 2.4014421133540758 0.03768071800899406 -0.01588002606179131 0.31676392155716615 0.9476226075090912
704 10.93307448962962 -4.719430373763023 1.806465889851858 0.04327099065578334 -0.011672728198505213 0.30837973838033794 0.9502069804734888
706 10.844658282284867 -4.437697872078852 1.2566488741509232 0.04896568634376352 -0.011287840432473781 0.3021612824609553 0.9519314605583775
708 10.744011675835127 -4.309529058169394 0.9839672588477626 0.05235081843047883 -0.013239827263168824 0.3046339703443458 0.9509375599354254
710 10.802750563399101 -4.217386390711648 0.8999744195501821 0.055883931907998424 -0.011322300297066585 0.3066936313248571 0.9500988412661379
712 10.989780824134186 -4.077719978476501 0.8013439667856808 0.05995096030251545 -0.001830151214140249 0.30482729579882234 0.9505171501037301
714 11.225938771439129 -4.01676334078131 0.729039895931801 0.059404359596234926 0.0091409713775164 0.3036453304133285 0.950887521224996
716 11.506617964769125 -3.9449104136657254 0.7180125429002424 0.05568656068946724 0.015109861982083306 0.3047927099545169 0.9506692921242604
718 11.655967778735274 -3.8037257193250973 0.811882412526428 0.054541412402275335 0.015075513789846423 0.3090221719274708 0.9493699281493837
720 11.614302408038965 -3.729190299890119 0.9105138658426604 0.05494236972134791 0.012146565079239073 0.309081246603278 0.9493695697484422
722 11.497689508834947 -3.729417019341452 0.97482790052953 0.04640334854317637 0.01142525740986559 0.30116482189508476 0.9523738461287146
724 11.290076669787606 -3.670587411158183 0.9224666414011766 0.03728072474846079 0.015025047956346987 0.29214891652987973 0.9555278154332066
726 11.234961786311976 -3.6033882950560274 0.9007124545584132 0.02563731385288294 0.01627042497864953 0.28099636028466707 0.9592283601500701
728 11.021685798992678 -3.254645267713973 1.071731442417385 0.018947462420116096 0.009206846870948068 0.28194956563301315 0.9591979306055077
730 10.698651668373484 -2.75316773472956 1.3110786471384703 0.013033870444660464 -0.004783669171164523 0.29776179475544323 0.9545392335124366
732 10.469341021911639 -2.2649466260347335 1.3728087305094385 0.003707256882594038 -0.008820050286671094 0.31677127580957304 0.9484537003888606
734 10.587104994810238 -1.7634518827752068 1.4355282059481915 -0.00029010871325372217 -0.007461622558698971 0.33084505534580194 0.9436555459376897
736 10.91321082974788 -1.3409291171293714 1.4862246897457851 -0.002050663376181241 -0.0055100690862305455 0.3411141502594264 0.9400034948930627
738 11.238768410220496 -0.8830353853569008 1.5308601851946697 0.00019726752201154802 -0.005177819552183244 0.3520654522125593 0.9359610401232392
740 11.483003704317566 -0.5249478276728994 1.4526789172455827 -0.002655905033826922 0.0008499829671551809 0.3566570770857672 0.9342312096381944
742 11.733774592509054 -0.24262658886321187 1.4594273377054912 -0.00476095351652175 0.0014554879532164573 0.36557857435374913 0.9307671679050094
744 14.734038135705985 -18.561761560208918 1.6120275639628563 -0.5439164914383415 0.12961233239631256 0.15651148872683204 0.814161929550076
746 12.7229788465567 0.6914809308284993 1.615471282522788 -0.004178794700990121 -0.021575837765309927 0.38324732255983157 0.9233842703069468
748 14.664131186583898 -18.724419003680307 1.6714623154936281 -0.548606806348494 0.1630811062768273 0.14260241897654433 0.8075268880388259
750 14.788457308526734 -18.830964749502797 1.3888178858227702 -0.5473196437331098 0.17790915402939522 0.14272015994424295 0.8052456124946575
752 14.184576905511555 1.6337602370309534 0.9059956311751272 -0.028931412969719947 -0.02591845666439978 0.4063943603246697 0.9128717493952881
754 14.799668633664934 1.2785379017743779 -0.2823407914818516 -0.05551104317623609 -0.004775286247756656 0.3912328550397794 0.9186035999625525
756 14.658019769039958 1.417985046818575 0.05965393482126616 -0.04868943805418974 0.00626439817217176 0.3989148737767336 0.915672987161465
758 14.489112072165113 1.584672813004556 0.4347749270794206 -0.03364365224657375 0.02561793093556945 0.38873313531567405 0.9203794737963998
760 14.606334855972054 1.4941008923206769 0.20312159299325996 -0.025090902680173492 0.05017015777850521 0.35902387000429503 0.9316411662428368
762 15.16034199896616 1.1135728701571415 -0.9705991644148427 -0.045001621682103816 0.057330863080030305 0.34322474720011387 0.93642127223483
764 15.574128082215127 0.7502398477307294 -1.9456936396922018 -0.06415000901884846 0.05880478426484025 0.33401202855424444 0.9385428804649928
766 15.58989343063598 0.736959549145703 -1.9853072240897491 -0.0641820158200578 0.06087966248419988 0.33036623003998433 0.9396980842750782
768 14.553076412028341 1.02573898447425 -3.7729379665377736 -0.06830799323577344 0.08877825538675879 0.3455242468703089 0.9317002920764225
770 15.150388176283387 1.8270737465438553 0.15377660544288474 -0.05965373559561647 -0.030474278731920632 0.4529755892634964 0.8890027366080747
772 15.061789687259862 1.8916454815996193 0.27310874521934414 0.0433465168344054 0.13661997784342678 0.21717682554872172 0.9655518047090826
774 15.21024152762868 1.7812133681799598 2.0760542920483465 0.00413628838689627 0.018099561917878565 0.3662110247370701 0.9303465925867554
776 14.826296733066046 1.9155378262366627 -0.1347570602457687 0.047081083781793626 0.15720928230168232 0.20174940424195256 0.9655909025027829
778 15.129928329556725 1.906881344497005 0.6852619725753669 0.04451978599577843 0.12177094557874608 0.24082465244172044 0.9618696960836601
780 15.168615385080415 1.8741332359511056 0.4846358773502355 -0.08382801214472797 -0.08237713226318356 0.5276198798218211 0.8413109620566968
782 15.144879292509183 1.8888955069093383 0.8589444709761676 -0.07990576469435558 -0.08822754021790954 0.5318675546423528 0.8384198675093948
784 15.14392504477275 1.8885514875792342 0.8631265275074728 -0.07987213026105841 -0.08845530493212046 0.5340973962999203 0.836980330176625
786 15.17549695870844 1.8868757953346036 1.2539709595869648 -0.07757283262951024 -0.09330495363494849 0.5347010187891813 0.836284318740239
788 14.711224856234347 1.6038708495146041 3.1886391360698814 -0.01894826790150726 -0.05555077345275933 0.4822456063767715 0.8740676460335509
790 15.17824048487709 1.8880970348564077 1.2438997120937745 -0.07727825124832832 -0.09034559719763151 0.5312390455329311 0.8388389723017546
792 14.748017629384261 1.6397860342690238 3.038347015358569 -0.022868849230500053 -0.055904614087594666 0.4794605996215728 0.8754822803855665
794 15.105825262740154 1.8504935338342812 1.7594741965394642 -0.06883535186759755 -0.09508067824490155 0.5270878388427893 0.8416648793324997
796 8.434547845134254 -20.861271783926636 1.6046724819837872 -0.5020335009794832 0.4155257082686117 0.32472396386440705 0.6854597704857223
798 15.163861734450236 1.880650780216901 1.1048071349748319 -0.06448617726227195 -0.07959526988138739 0.5136939007408844 0.8518360771276492
800 15.17735161997331 1.7960123119722622 -0.2657147907377232 -0.07709545983440351 -0.05334149348451199 0.5026107934651611 0.8594145480721657
802 15.589321693480557 1.1336100292644289 -1.9767727076714323 -0.11493177420351663 -0.0423470364289341 0.5043705198201868 0.8547559853668373
804 15.177863961456916 1.8744214287268228 0.4105433104745199 -0.07390708085899467 -0.0742590963545675 0.5179582177012109 0.8489656145706316
806 15.177922603756084 1.8743688480247958 0.4103416672777174 -0.07391514152676228 -0.07473218405445405 0.5187487504276449 0.8484405615299677
808 15.177869827518446 1.8744183277694149 0.4105251279652767 -0.07493415425282995 -0.07303186194240674 0.5177408132018622 0.8491146389108556
810 15.179115256135976 1.8732729052692576 0.40411491335523037 -0.07522176526005006 -0.0717929281078441 0.5154451452995759 0.8505902442962551
812 15.180541970959345 1.8716238227547282 0.4020248232832765 -0.07830525470085828 -0.07064687300546982 0.5148586038977873 0.8507631423687819
814 15.152961777081854 1.856331976904162 -0.2712438228229284 -0.08401070682560154 -0.053962382503668006 0.5097313278542356 0.8545198861449325
816 15.179430683327551 1.871161250195413 0.381280066416794 -0.08281171043333083 -0.0549516205747305 0.502746649126004 0.858701546990508
818 15.180084706009158 1.8712431257898883 0.40212287572614913 -0.08923140073454049 -0.04674040577539348 0.5008075539657971 0.859677198419092
820 15.180108741920199 1.8710275094532254 0.39855283407181646 -0.09362874404181183 -0.03650174656059173 0.4983603886710614 0.8611261253677116
822 15.180124891238002 1.8714032189407084 0.40206715396609866 -0.0944588012050964 -0.03228299528652959 0.5004560503109463 0.8599878399125149
824 15.180116650345063 1.871151280669155 0.3983450724886214 -0.09556559887975273 -0.027534887964740917 0.500249782973154 0.860150684991203
826 15.18012323973073 1.8713993354528782 0.4020768744421647 -0.09894931872207828 -0.02272339037592611 0.49787778142732797 0.8612841543969456
828 15.18011878182515 1.8713940867611447 0.40208725752173463 -0.1002872805414708 -0.021515287196691674 0.5000894177291368 0.8598779727692605
830 15.179881904303977 1.8725679145198586 0.4411431420838349 -0.10080593410595896 -0.01963290308553302 0.5005419416716421 0.859599021284367
832 9.760955399436455 -25.574627290412337 5.296194266207686 0.6178234427422471 -0.4370066219727859 -0.23759339065316804 -0.6089899725512586
834 15.17984409418639 1.872283629983896 0.43737205739153956 -0.10396400028237833 -0.007444056654563983 0.500665684604229 0.8593427400784788
836 15.181034912122264 1.8706198665917597 0.3956985690453216 -0.1090357108461547 0.0021215988511370755 0.4963362479488612 0.861253180865322
838 15.18902089982791 1.940923865543506 0.878521012157937 -0.109885276977451 0.010380752885242516 0.48690493023161974 0.8664531463323715
840 15.180539532663179 1.8704051298703417 0.4286541523878614 -0.11883141605979389 0.023754404170165173 0.48816126607890287 0.8642993700911665
842 10.035966085908099 -26.149011028016787 7.590960714604809 0.6574039907155999 -0.4415456347778973 -0.18579577249816667 -0.5816677542391334
844 15.191996742544585 1.9387201894073416 0.7191872641779686 -0.127647592607443 0.050909645246804046 0.48386606621390454 0.86428463487965
846 15.179631466922208 1.8707199051679362 0.42913691759532246 -0.12558732159544392 0.05842364575046842 0.47621896859831186 0.8683490059986632
848 15.178349909377943 1.913627178770307 0.9701896058431888 -0.12262986566301023 0.05213910910149199 0.48007656664047454 0.867046665129547
850 15.17962896544656 1.8703100834264967 0.4294482479768472 -0.12542914987698556 0.06729621251841902 0.4724821056935011 0.8697697442089186
852 11.407836280099723 -13.704140490603177 19.84310212929701 -0.5102633674711352 0.8076425917911692 0.28777934953549655 0.06728882316393045
854 15.866464012805059 3.6215039513955603 2.377764303156585 -0.023069906390765914 -0.09862736608678055 0.5119263336241756 0.8530368403650657
856 15.874510081881217 3.6094220101388896 2.381234088601267 -0.024466184596588805 -0.09953954455340516 0.5182078773670239 0.8490900309838467
858 15.806178702263772 3.374813277667604 2.4823470193884347 -0.033133758088550666 -0.1043787470660175 0.5326004259796899 0.8392520583722811
860 15.79845197630956 3.486984803232671 2.419961016354782 -0.02902402692191802 -0.1001918109419268 0.529704266102874 0.8417437836740042
862 15.813161648244323 3.4781554529714116 2.6383920196581565 -0.03474539637967673 -0.1127386224299868 0.5380001792881755 0.8346487689614711
864 15.247130128507177 2.074443419060989 0.6085283304852749 -0.0727220165763337 -0.00036440994525955005 0.5063363891502787 0.8592641250120483
866 9.99888293580098 -16.002409644724622 20.193615536157672 -0.46428559650631346 0.8141370029926446 0.335468215658297 0.09529376431839473
868 15.8242126668358 3.7497349871725807 3.1342202323380106 -0.03312657826389267 -0.13923139692565806 0.5559086263234606 0.8188301698776245
870 9.353267169791303 -19.161471411709414 20.81729330945456 -0.5559038689360771 0.7643543570143339 0.2988843347885004 0.13191459294991056
872 9.429723743581238 -19.770424986394392 21.40837203740679 -0.5700959709192023 0.7593123176685515 0.29047578846261274 0.11857151637525927
874 9.15234568960205 -20.37483320163401 21.876756700977882 -0.5627869094208067 0.7636691284183654 0.2961550899249114 0.1112318281647768
876 15.391016713737798 4.197963238985867 2.8095554160651046 0.043287635301598536 -0.036474453110389 0.4657851733247782 0.8830854812593739
878 15.777940947396017 4.269379513825521 2.7037813949505374 -0.026599306510175315 -0.13441144163963278 0.5531544770649391 0.8217336343077039
880 15.782188250898963 4.307429327156539 2.6891612455608724 -0.027101608403777774 -0.134173395632101 0.5501361279245448 0.823779851342984
882 15.752786567622392 4.248614173527935 2.8149358249341456 -0.02860995337759841 -0.13396943480816895 0.554603857794455 0.820760758092405
884 15.751822026239124 4.251132228705337 2.814469019296943 -0.028597065935095554 -0.13223787006702636 0.556910297535163 0.8194792700485696
886 15.751813802570412 4.251921394081452 2.8142373632973285 -0.028177350439800537 -0.12998826221742793 0.5581727069951788 0.8189946994783057
888 15.748500828989616 4.25083951122009 2.8257152308359634 -0.026075560344212347 -0.13081417651141178 0.5601080784127286 0.8176103331497084
890 15.753008329350425 4.25404557379065 2.8102441539766434 -0.02725197309127532 -0.13270499748932862 0.560644809422191 0.8168990826729732
892 15.759012422236468 4.262906737187534 2.7789221882336412 -0.029482091512919393 -0.13522162310630098 0.560225011183105 0.8166969179379896
894 15.741969122609468 4.256628387705376 2.8237941260824972 -0.025876444778402362 -0.13489659322669523 0.5559326910355217 0.8198000742738835
896 15.740836692806832 4.257211414988533 2.826888690862292 -0.026228572928488823 -0.13515069886449058 0.5548555033845762 0.8204765206405502
898 15.74189342109315 4.255384620277862 2.834724913908958 -0.025687706001448426 -0.13360063340870595 0.553857614583926 0.8214211801996457
900 15.740417522760154 4.254109865623644 2.8439768774929233 -0.023984107461034958 -0.1335523848850979 0.5533866293419146 0.821797883634653
902 15.86712093467631 4.564707121192385 1.3013799852575785 -0.032689141693972794 -0.09991095736283194 0.5439153926109797 0.8325294386957122
904 15.4752624417903 3.680636373856183 4.311152108245403 0.04921320030420319 -0.12780360381931338 0.5043901919119307 0.8525460891175679
906 13.430758418110337 -0.8289659164200344 10.08111417248044 0.0013778701140179444 -0.24569591893024573 0.6517548029191128 0.71752860135805
908 12.720715642983789 -4.766397468018663 12.885267006679635 -0.053814916802452824 -0.38373343531057896 0.7743387327570953 0.5002520687677586
910 13.413722872881047 -0.8336507645615922 10.091644253172174 -0.009641293678102748 -0.25028449097394806 0.6407877424160161 0.725710540231785
912 9.601336792838941 -19.255856128717536 20.704706591165532 -0.5421514965953352 0.757753443175076 0.34235308257700686 0.12114388530081105
914 12.503306671834657 -4.907089731290993 -29.947906848000386 -0.25303864576093515 0.12447276159718783 0.5875018367147988 0.7584982315263361
916 15.49351237328867 4.293823154635133 3.0223634552708885 0.04808739378872994 -0.0665507644756583 0.41933480854346583 0.9041111196363686
918 15.468378480667289 3.648613707941519 4.369594438272396 0.036878180013168047 -0.14774206405017348 0.4296355869965428 0.8900705279556484
920 15.502739140116452 3.9060339758834877 3.9915195811521595 0.04147892815774864 -0.1236045150488196 0.38363611598800973 0.9142345174450944
922 15.502964053067654 3.9090792486515196 3.9851497672689193 0.040605562580254946 -0.12551363065399107 0.36759328589961393 0.9205828007132869
924 15.461639715734766 3.639948501561509 4.396540268554919 0.037700397796501084 -0.15118182628234708 0.3696097960192092 0.9160302037021258
