# frame_index tx ty tz qx qy qz qw
0 0.0 0.0 0.0 0.0 0.0 0.0 1.0
2 -0.011130518744813984 -0.004962281390197319 -0.0007245427920674931 -1.7692762656121107e-05 0.0003957135691084064 -0.0003005280969451982 0.9999998763902925
4 -0.15919743749299445 0.03311264957050472 0.10478838582145336 0.0017635162716645291 -0.0009389234736104369 -0.0034441655605576675 0.9999920730469125
6 -0.22986982886699817 -0.00029883190020656 0.23100771115905472 0.0016461204527252523 -0.0010838174176603297 -0.005758431619106517 0.9999814778747396
8 -0.241813030046182 -0.09713434332317064 0.3726010130376836 0.003232566376196303 -0.0019447853965057205 -0.007089803350400497 0.9999677509864194
10 -0.2433577156779444 -0.18857485714754055 0.5234120161842043 0.004561222724163397 -0.002725063477480579 -0.009957929255739276 0.9999363024319309
12 -0.18417074409210366 -0.3429614284152508 0.6553960828118799 0.005135892987214041 -0.003155059190297546 -0.01317120914180929 0.9998950882239959
14 -0.17048370727393442 -0.4280771139527891 0.7537601672707475 0.007087844502247566 -0.0037791605332299803 -0.013290765167822627 0.9998794107127268
16 -0.23568746922892622 -0.46679112704879355 0.8248384080116452 0.007597618711632707 -0.004097820907498053 -0.012587328037350416 0.9998835148289038
18 -0.3689049239374478 -0.5244764297283531 0.8815582182401507 0.007894090059185711 -0.004257635128529222 -0.010744289109880546 0.9999020532716056
20 -0.4451373820842476 -0.5462729271673735 0.9770015321409543 0.00901741250396615 -0.00386679228782278 -0.011087223451644061 0.9998903978263165
22 -0.5183750660684995 -0.519384114625051 0.9738871916271274 0.009801557417924925 -0.00418031836196744 -0.010644807373438071 0.9998865648095078
24 -0.6110468131259221 -0.45933026942554944 0.9722064665156802 0.011214424219220044 -0.003254300929131664 -0.011359981888977622 0.9998672897071771
26 -0.6992980678350558 -0.5063582859272128 0.9831868404676967 0.010917152163454633 -0.002173147937052223 -0.016159407444462492 0.9998074648489716
28 -0.9460912330761723 -0.5343030831608035 1.01289958311183 0.011720257568786254 -0.0017693919857730699 -0.02215174290597549 0.9996843527337764
30 -1.218346581278733 -0.5796734917061791 1.023810145256876 0.011966996320570595 -0.003224569702360049 -0.026452885672453894 0.999573227927248
32 -1.3858183954594188 -0.6469474198609501 0.9869526115403884 0.011761043620833127 -0.005450763103288305 -0.028656869804331322 0.9995052530365003
34 -1.3937726678190754 -0.7254236284704529 0.9760470357509184 0.011478534796557796 -0.00837001140743831 -0.027978953136780147 0.9995075609165412
36 -1.3915515136993712 -0.819416417395529 0.9829080719934657 0.010527289631674975 -0.009729888138015718 -0.024618570910325203 0.9995941333442118
38 -1.3061041118462622 -0.8577039705315489 0.955996264927534 0.011429183578704634 -0.010895136348960272 -0.01830238042497882 0.9997078036293611
40 -1.1484535426291824 -0.9547938135990395 0.9346361338422382 0.012481617956660885 -0.012487979670105781 -0.010810034006535494 0.999785678403987
42 -1.0093747233878996 -1.0658536441858095 0.893945452707692 0.013023258414410727 -0.01134077670499645 -0.003927736169659081 0.9998431649076671
44 -0.6986732579554686 -1.2011051249621902 0.8530976253054787 0.014326291714416966 -0.007106257434539224 -0.006515116362754667 0.9998508947486957
46 -0.1861049928379803 -1.3309755483630756 0.7926357462635394 0.016224179122601372 -0.0010185244448802698 -0.012632480763308213 0.9997880570648549
48 0.39298896092935937 -1.4731881772340825 0.7787384482113593 0.016074214428536734 0.0023505816534376742 -0.01641620884050426 0.9997332656682486
50 1.1749292708081922 -1.5509414511311155 0.7991333914152587 0.016981646163811676 0.003516144762835472 -0.019576566873487695 0.9996579507256578
52 1.6148345550967338 -1.5157014331371892 0.854612985797867 0.015952640620332838 0.003162636561975067 -0.010990023149558003 0.9998073466315336
54 1.9477288712680667 -1.4076668752036692 0.896309559019928 0.013165111037168144 0.001391322285661039 0.0034395028099912005 0.9999064525714876
56 2.23735620251393 -1.303265470851049 0.9285344971230038 0.011935375542585634 -0.0016369837903167073 0.0153361373839564 0.9998098169076297
58 2.379016371381922 -1.2307449741066907 0.9988075508994054 0.011180332495709107 -0.004786341657529429 0.02569802502112732 0.9995957696033113
60 2.7227817703457347 -1.1059823314934587 0.9943306991639148 0.01157327705115397 -0.005624912000678854 0.02398141072512479 0.9996295871786282
62 2.8625014630308567 -1.0786354309554849 1.0025596678788937 0.011524571300568777 -0.00641435983918825 0.022204350196570185 0.9996664479097713
64 2.873332136012003 -1.0282865423923324 1.0411208787424813 0.011138554946753443 -0.008677259862089021 0.02792861740072867 0.999510195088108
66 2.8714204771993224 -0.918844873889815 1.0235871087397448 0.012318920939414344 -0.011737251044723727 0.03971073263439541 0.9990663335527032
68 2.880976883819043 -0.8505605810209139 0.997667277662259 0.012622551528441169 -0.011488583774126291 0.042515314767905286 0.9989500145882989
70 2.7875311250738486 -0.909397578294095 0.9541397191400693 0.012113077801015915 -0.011293853941857002 0.03774659761600201 0.9991500971214196
72 2.4363587681665644 -1.0630312033300113 1.031373896482462 0.013375898876529034 -0.012162744124058798 0.03053518621637853 0.9993701793566528
74 1.8537558715647675 -1.2404985130496866 1.0682130062601214 0.014254849176250561 -0.01699906349942157 0.027498200442504363 0.9993756451342652
76 1.075020077787603 -1.3899685058109534 0.9473269139946627 0.014601164155751972 -0.02195423664009173 0.0315035739878541 0.999155814838126
78 0.152065232435828 -1.5988365012139563 0.8295088523672918 0.014676837825734092 -0.023051523794188542 0.03068327377429278 0.999155520623639
80 -0.8156178796065743 -1.9431293600092387 0.6872771679639598 0.013942886456317303 -0.020222496317688656 0.02194740438272847 0.9994573317559926
82 -1.642924114761378 -2.423383585180009 0.6284775833731988 0.014046411899641682 -0.015025872726901543 0.005397075793909932 0.9997738709500341
84 -2.1117639241798405 -2.8559461340723353 0.462772680411521 0.01890813648386875 -0.0135392772395967 -0.010079667937600541 0.9996787337143891
86 -2.0946489466186744 -3.320936328381169 0.30527404889266535 0.022342532273416447 -0.009243545268920489 -0.030185729584787137 0.9992518150355829
88 -2.2582952710321322 -3.8671383951384017 0.1656557761373136 0.02564280915731251 -0.006689458168653283 -0.0443104100579208 0.9986662530837969
90 -2.516856034689859 -4.372111134889477 -0.007918871346792863 0.028327800957633133 -0.00555975829030199 -0.05057021904651132 0.9983031992968099
92 -2.843578453581978 -4.727430981127274 -0.11221983708701899 0.03095317907435021 -0.005929066031082947 -0.05251646881955855 0.998122621416785
94 -3.2558879736652497 -4.975506967833844 -0.16068091473117613 0.03206661409511636 -0.006966736490746724 -0.0558039219557269 0.9979023595209615
96 -3.6486765157979417 -5.020303982536637 -0.2126104877546989 0.034153251672385164 -0.010764284700242434 -0.05822526493748064 0.9976610166274189
98 -4.226669022119519 -5.027107098727161 -0.25491823283993026 0.03293525401130045 -0.012076307200589746 -0.05878816165056023 0.9976539399497983
100 -4.559506876129598 -5.028521231503415 -0.25840757922924174 0.031898338910830056 -0.015020041225798463 -0.05795816026938182 0.9976962192944773
102 -4.7841469059223245 -4.970368457048957 -0.2471302555859909 0.032002262394020556 -0.01720897976331701 -0.05787633597220397 0.9976622855213093
104 -5.014156914015762 -4.854941313322203 -0.17992332236398173 0.03319320465859971 -0.0175040240598513 -0.05950538248784369 0.9975223956188553
106 -5.247376362017212 -4.745202047591618 -0.1366440840774222 0.034607935594408196 -0.01625641243203413 -0.062430375964287604 0.9973166337756985
108 -5.371615298636154 -4.745041227092489 -0.1315447787440231 0.03415820832405791 -0.015353942501166463 -0.06550744198487045 0.9971490602203664
110 -5.459055093455405 -4.773598732375959 -0.15752550517168826 0.033293704519007206 -0.014346935736152984 -0.0689639337409816 0.9969602151125958
112 -5.494078461767265 -4.8486666211939 -0.16029652483708728 0.03196227403398696 -0.01412088663601533 -0.07318940015379564 0.9967057365663732
114 -5.615072368663199 -4.776771373094253 -0.18334540287155401 0.03214803276140545 -0.01393585088777669 -0.07536197888678393 0.9965404498503175
116 -5.69414093083777 -4.788047691286745 -0.17876479349137345 0.03133605219759482 -0.013724531706066499 -0.07810512014956274 0.9963580075798765
118 -5.746894489763966 -4.799252123415818 -0.17957698771389727 0.030932233891139735 -0.01349213830337428 -0.08213237994865613 0.9960499140477229
120 -5.890032686110207 -4.789181371791363 -0.1867156027451362 0.02999017739292371 -0.013609848456114251 -0.08360226551573188 0.9959548295407677
122 -6.128639712310451 -4.7356944751844505 -0.19457334253370207 0.02971442635347566 -0.013866281057868421 -0.08268583783775726 0.996036059255475
124 -6.325653878441566 -4.595461338149486 -0.2268305436788678 0.02877179205013119 -0.014393776918580382 -0.08608318313369698 0.9957683911180413
126 -6.193529776704019 -4.541929028326827 -0.22038461498471285 0.028025297545699913 -0.01142662625721321 -0.1086441595787984 0.9936198777697985
128 -6.304382026766246 -4.61140321717448 -0.2507236614528905 0.028218994861137398 -0.005887316204390329 -0.141861631823297 0.9894666771818886
130 -6.545540633577754 -4.404121369270908 -0.2867638861486144 0.029604763754328026 -0.005769237079532007 -0.14462119127488096 0.9890272922931929
132 -7.4030000249317 -4.444108369232139 -0.2584501154938289 0.02846064190464478 -0.007732932633986229 -0.14513577075897321 0.9889720934695037
134 -8.401764125864238 -4.402936983445666 -0.19100951186615378 0.024697243455922523 -0.017494994595102287 -0.12098275542832637 0.9921930982519309
136 -8.596332040876412 -4.541335414323056 -0.32494678382386394 0.028512524708375935 -0.011735209805124745 -0.14725082827595212 0.9886184877684768
138 -8.69271867130271 -4.764927701762659 -0.38112727360608867 0.03339465939606097 -0.004053341632316603 -0.19322204010199454 0.9805782020646064
140 -9.290786764075976 -4.536750521219207 -0.41922655228674005 0.03343230198047644 -0.003029891851049734 -0.20813093167014657 0.9775247394423191
142 -9.929066148140476 -4.230438696500039 -0.41106563148907527 0.030661856549216177 -0.0067902979125572666 -0.20443312213000137 0.9783766355465537
144 -10.35988923133411 -4.042768603965219 -0.3612132318793798 0.026371386914417812 -0.006826508152332872 -0.2057274912941666 0.9782301099764129
146 -10.781787931524738 -3.789171722826672 -0.318324615423547 0.02478362211238682 -0.006699360564393031 -0.20590644335462752 0.9782348527976634
148 -11.000174817050814 -3.6049426361412924 -0.29159930343143164 0.025360638435731216 -0.006791754254469674 -0.20748155864486884 0.9778865542150454
150 -11.018837382589524 -3.4909708546993383 -0.26157326601435804 0.02886358788758419 -0.004953698871974068 -0.2161514389357369 0.9759205447205995
152 -11.05785689057923 -3.341054369895033 -0.2741855454770963 0.03348398506681421 -0.00284011382575835 -0.22662877679383486 0.9734013324556486
154 -11.186770785631127 -3.1342822154052015 -0.19937470472505256 0.03494737855857696 -0.001509823232081207 -0.2336557438531017 0.9716899683181592
156 -11.537219376272969 -2.8523182768544304 -0.16005161098598872 0.03455344498664306 -0.0019764317076792323 -0.23736312735991985 0.970804253661457
158 -11.92125555724416 -2.7239390474315317 -0.13619248724966443 0.033339967327621484 -0.001237987166410343 -0.24546111248420532 0.968832161018814
160 -12.465230859835362 -2.498944801262194 -0.1068954016911053 0.03215768390057204 -0.0022413891314596516 -0.2496384107894398 0.9678024196081736
162 -13.045575253822454 -2.342598903934993 -0.07656067318145317 0.02909658548773525 -0.0015902899746619852 -0.25449240344983926 0.9666356481513992
164 -13.509072927884963 -2.2543650338583885 -0.050059357130466844 0.026668190389700953 -0.0017090535147100824 -0.257304787197819 0.965960730693804
166 -13.866754250025119 -2.08730389543586 -0.041750919574019836 0.024287319623730087 -0.0037616670622027323 -0.25537565797804057 0.9665294870197654
168 -14.09493918888148 -1.9230952144085296 -0.04051603745472599 0.020714241604844166 -0.006233729304683616 -0.2529116395215418 0.9672475192049953
170 -14.259371390847868 -1.8252306585460711 -0.0156803694012634 0.0187569971864041 -0.00760920357325649 -0.25029663533987134 0.9679575762475696
172 -14.378351435487467 -1.779756921807319 -0.020505908404677184 0.017886929164887287 -0.0074587365729658515 -0.25247945732059784 0.9674081603154285
174 -14.521909662834162 -1.7139879285739037 -0.02126792325686836 0.01794830855861687 -0.007402150957810035 -0.2552333491513511 0.9666845420622319
176 -14.748423473761754 -1.5775758340052357 -0.021541447407793228 0.018002722685219418 -0.007702910276249751 -0.25914023500255035 0.9656411889268282
178 -14.848027349971288 -1.588865863908765 -0.03335217208165675 0.019272208185839763 -0.006283385124523583 -0.2742258204981405 0.9614516630778378
180 -14.973467800918904 -1.6599919963979495 -0.12136943295818382 0.022649103122145374 -0.002122787702147127 -0.30465657652962636 0.9521905703573115
182 -15.272025820706908 -1.595156535289629 -0.15011239559533077 0.02392603567864301 -0.0024306748730861132 -0.3177019824491808 0.9478855874968383
184 -15.648766400019824 -1.475350198718409 -0.1474064414634132 0.021537616045027005 -0.006120060784152984 -0.3126946918253196 0.9495897565029667
186 -15.9875656482993 -1.3240093395923391 -0.14144840350760068 0.01841325030560787 -0.009611124019818394 -0.3047899497000678 0.9521930818222157
188 -16.286520083946296 -1.168981565027912 -0.127631792828915 0.01576584693482082 -0.011712358022884463 -0.2979282964858988 0.9543861843577693
190 -16.5751615125316 -1.1130364864754985 -0.06409265606017704 0.012857132858769724 -0.011956941810479396 -0.29492237450870284 0.9553598896182219
192 -16.861823233393014 -1.0223143750871284 -0.052987872472728514 0.010956940805375563 -0.011905428291677518 -0.291293979076636 0.9564967454095593
194 -17.05416874560597 -0.994354891698537 -0.05726766008543118 0.010634865920494735 -0.012290886505032902 -0.29266567352718786 0.9560766900592499
196 -17.251305469076502 -0.8336075938877119 -0.05942549612783285 0.01020282956085901 -0.014214364968823714 -0.293080295317076 0.9559277141051726
198 -17.509071685453968 -0.6524524741008044 -0.08238159886354081 0.00965656285396579 -0.01487489306031754 -0.29549765584178633 0.9551788438519253
200 -17.72054783505739 -0.5213539633902194 -0.08083893399203852 0.009886579952444385 -0.015032805027435116 -0.30215718046227247 0.9530883005288339
202 -17.891059740485744 -0.36003613277343116 -0.09385963289748044 0.011881924694621342 -0.015204108432806314 -0.3144223304019522 0.949087062969947
204 -18.08978484342827 -0.18552389749401527 -0.08462785439007885 0.013730265332701821 -0.018861959672567558 -0.3230928561154217 0.9460796544786192
206 -18.53649994916022 0.011527724898152993 -0.1615576091010192 0.01169058188530339 -0.02361966960128169 -0.3254414670942406 0.9451948439335974
208 -19.17591795868379 0.2901240375299587 -0.2516446613659431 0.010762651938238135 -0.028382195068188443 -0.32830981803793885 0.9440822420246359
210 -19.93562730538302 0.5590031740305484 -0.3481909091843665 0.009225246222494023 -0.03165893201055594 -0.3265465273609832 0.9446057232118424
212 -20.73644404367959 0.9231248322215688 -0.4728087412370585 0.009105797063956278 -0.03487492871138105 -0.32166506289740043 0.9461672215408954
214 -21.44527446576231 1.157042358423156 -0.5377145767682455 0.007955281596619308 -0.03605433895537686 -0.31647881716421294 0.9478807712067747
216 -22.050548399247383 1.384262846215333 -0.556513472647087 0.007040024606133679 -0.03757524791788613 -0.3125034463960052 0.9491470564607327
218 -22.60161459100526 1.5545236787486898 -0.5352673633121452 0.005932052860272746 -0.037244092779888945 -0.3093903344833238 0.9501869864559096
220 -23.10980144140965 1.6872084176704807 -0.5369016665883056 0.005488658090118513 -0.03629101630384183 -0.30640940992084703 0.95119194187081
222 -23.532637401649392 1.8516586144960718 -0.5667815425149113 0.005985020669784651 -0.036910670553650056 -0.30242405883147455 0.9524397464232366
224 -23.754766959489327 1.9517731694475222 -0.631409236699991 0.006189787541454094 -0.03948957859052855 -0.299548194145907 0.9532434836372394
226 -23.890706695947532 1.9896087131872688 -0.6710671608254064 0.005686732850049445 -0.04074616982814159 -0.2977923842859482 0.9537437321288768
228 -23.951912162083367 2.1893015091759205 -0.7077384166127797 0.010176225288688693 -0.04148019494902867 -0.2981702140413017 0.9535566901471715
230 -23.951286108817527 2.1775807850167856 -0.7273988670085871 0.007842654818158117 -0.04309237104777202 -0.2977597449952875 0.9536355040492283
232 -23.89963234814136 2.162199888356408 -0.7476282513827589 0.006401072763087196 -0.04408028728014551 -0.29933174292124365 0.9531088407000073
234 -23.804798157645944 2.1721919863548704 -0.7510376484096157 0.006664934974320117 -0.04570498521859277 -0.300267549731032 0.9527360765429629
236 -23.79551773037241 2.182600114913365 -0.7495991723141292 0.006736331846503329 -0.046335417687054854 -0.3001687603470212 0.95273625217725
238 -23.79838354220285 2.209795919501474 -0.7663115891282076 0.00647817526761639 -0.04702315623642722 -0.29982597071248673 0.9528122812543306
240 -23.824451670371786 2.197114836412133 -0.7899011239325893 0.006642621122446945 -0.047176722178912174 -0.29835029525528295 0.9532666645751139
242 -23.848667868841364 2.179488137174507 -0.8188425924399326 0.006452492062609785 -0.04822588460255851 -0.29767509652169954 0.9534265395463247
244 -23.913110295768437 2.1848858281372747 -0.8010340038896664 0.006019290932931114 -0.04781082173996487 -0.2978908751226357 0.953382882151701
246 -24.024063286695867 2.251758340558697 -0.7583796067005576 0.006440015754857752 -0.046732621090955384 -0.30028875976690517 0.9526810846661647
248 -24.112467660834472 2.315435077832572 -0.7305105779756801 0.005788800171847825 -0.04444541283637609 -0.3029027963667001 0.9519669064750139
250 -24.037637834792815 2.2894026310209377 -0.7086284658271387 0.005988795110702112 -0.04320882755760814 -0.30795559615691354 0.9504001695864006
252 -23.920855580622298 2.2527683447736986 -0.714546006261131 0.0059724305480799685 -0.04293968370478826 -0.3113878769181574 0.949293476088972
254 -23.86114540328039 2.177075524342465 -0.7207269412335131 0.005295255339584749 -0.042780177887451615 -0.3140733336406162 0.9484196105873585
256 -23.796702334166202 2.104054334212406 -0.7349550358921279 0.00559696321171907 -0.04289678180871918 -0.31608222459778795 0.9477449907050817
258 -23.65852390040815 1.934666056512373 -0.742600285343985 0.007439863862377796 -0.04258300808188827 -0.3204974379438758 0.9462625048684
260 -23.47803643905877 1.6781340363565356 -0.7414447130426248 0.009484526588986127 -0.04137611760243396 -0.32543025498706796 0.9446127300574475
262 -23.29665692958053 1.4844637542876302 -0.7633705277534761 0.011374279566803945 -0.04005312106941964 -0.3264794064782049 0.9442868051617441
264 -23.146136657666595 1.3270858012779552 -0.7592591073370717 0.013540195063858156 -0.03880089899146219 -0.32558542611404917 0.9446191209462256
266 -22.96608260346698 1.2006849755542686 -0.763994674289675 0.013954611224048329 -0.039097821503607105 -0.3250090528658279 0.9447993145290248
268 -22.842390607681647 1.1359799520445395 -0.7727136884854946 0.014031961236957673 -0.040198941266028826 -0.3220400159845737 0.9457681414012583
270 -22.58733377916169 1.0484332700522319 -0.7792206611052483 0.016118591508478265 -0.04224582979945858 -0.3228196226945596 0.9453798030821688
272 -22.375682100371332 0.8758539315650454 -0.7467855909000239 0.014903367365344311 -0.04198891728273526 -0.32429020607754716 0.9449077641276842
274 -22.326739412086397 0.7377902787358492 -0.6955928684197987 0.011399413181112636 -0.04067110544741745 -0.3245106663581868 0.9449384858182975
276 -22.345110951406376 0.6404728213171144 -0.6517109786662901 0.008204083706581334 -0.03859582348789772 -0.3247169031061099 0.9449878243961685
278 -22.27547724366935 0.6665214772424728 -0.6267581110395797 0.008905708037394863 -0.038667221177423744 -0.32328645853591653 0.9454688784397263
280 -22.135425008263315 0.7932207570903944 -0.6128666065851462 0.010948540385325169 -0.041040814658403 -0.31787963271684244 0.9471791383362551
282 -21.944725025826425 0.8396387962914275 -0.5591405073841963 0.011685913330252517 -0.043023455502196856 -0.3137964876757374 0.9484430325689883
284 -21.716956869337 0.9070723558473073 -0.5251143533683453 0.012186186837739818 -0.04479518746965214 -0.3098808174318759 0.949641388639768
286 -21.527248197739045 0.9526614432229306 -0.46787900974609775 0.012039358915338584 -0.04620942452247923 -0.3061899335213952 0.950772037626461
288 -21.304860791765556 1.0477417537803282 -0.44386778879507827 0.01293270608305559 -0.046857285622952716 -0.30263903498708267 0.9518648824279136
290 -21.042578417100014 1.127768782725657 -0.39321457587359376 0.014384641396573862 -0.04836921637772811 -0.29745390795193755 0.9534016329139661
292 -20.704283326155274 1.0708959436164076 -0.3548627121865989 0.015865232705014408 -0.04933755367595262 -0.2954719420753006 0.9539446690635356
294 -20.39028480793644 1.107724102222278 -0.30861287719936026 0.019249467678572472 -0.04902228469415673 -0.2952009229783069 0.9539825410720116
296 -20.067827202539913 1.0685476367390354 -0.28118386153577124 0.020140054336296412 -0.048592383075917026 -0.29447521539140764 0.9542104097307462
298 -19.706601536384262 1.004415260932651 -0.2337368493355316 0.020485880324716828 -0.048867020484225664 -0.29343808930482995 0.9545084760029354
300 -19.164615964273043 0.7311380041368607 -0.15515519851649692 0.01892743195113122 -0.049137279747287 -0.2988184335999167 0.9528561401385123
302 -18.877021658059128 0.49168099343502886 -0.09059050414830469 0.01570096673440487 -0.04499771864519455 -0.30429819613339065 0.9513838829780004
304 -18.67361897626854 0.30193631698905965 -0.04891849780078986 0.011814150684928209 -0.04187357707233553 -0.3089395238357232 0.9500859961071512
306 -18.511174563820486 0.22738938313027518 -0.025752313164865405 0.011367203607914132 -0.04058900159561437 -0.30802853424026805 0.9504429187096927
308 -18.206898706178055 0.10754671077304338 -0.05186293704583421 0.013700934003438931 -0.03919604577790814 -0.31049552488581317 0.9496675646923469
310 -17.97522289654207 -0.010260740872197744 -0.04017608195163667 0.013600452325440965 -0.03878172847023319 -0.31279710323686805 0.9489304386729454
312 -17.79596388747914 -0.05139497703120744 -0.050515514985625065 0.013890016229614449 -0.03843653908204032 -0.31135443778707145 0.9494146164784028
314 -17.539065624713988 -0.1089534644955356 -0.009819066688903538 0.013282514309921452 -0.04134121874150113 -0.30690217050679214 0.9507499861608171
316 -17.245873604921837 -0.14253311398991336 0.04350007982011664 0.014389341463142767 -0.042755194912501224 -0.30150318284979444 0.9523973807669226
318 -16.91239005722196 -0.21965740045535487 0.08736579962455465 0.014476902991753521 -0.04338053261869739 -0.2963749963345854 0.9539761056846026
320 -16.511371977104883 -0.2949285635070071 0.11537952774592375 0.01685673644642275 -0.0426864655999001 -0.2916475556512918 0.9554242091205304
322 -16.04742084572817 -0.35240134410724305 0.1519289500107818 0.02017949049754786 -0.04150293985434773 -0.287049015574291 0.9568036145440382
324 -15.49565072270347 -0.4270958768739332 0.22773433153417316 0.02361316664054831 -0.03995528388411492 -0.2852800199373459 0.9573198545290351
326 -14.940489249240128 -0.5660794076805024 0.24330851179396118 0.026357310408828598 -0.035287019734012263 -0.28566234697837667 0.9573176807858035
328 -14.259530434088155 -0.7844122486926096 0.3301882538255596 0.027291981592046714 -0.03317621133662422 -0.28634188712340225 0.957163941245561
330 -13.604687139953674 -0.9851036841234687 0.45560128983006704 0.02699398264829148 -0.033524176663126834 -0.2785941150141515 0.9594439918824469
332 -12.87112600075715 -1.1564755637134319 0.5853093221012654 0.027760366787597548 -0.03534749112866688 -0.269879366143821 0.961844605243766
334 -12.219510406126114 -1.288850844053655 0.64565332254807 0.027105237310704477 -0.031144319199058645 -0.2581076599806303 0.9652335330640357
336 -11.68600459595981 -1.4469275179660388 0.5478385521242076 0.025243527166666124 -0.021995178926203483 -0.24299332511021376 0.9694499576523132
338 -10.8295035795552 -1.5999495103527628 0.5445695577235835 0.026399689540070822 -0.022823400378668337 -0.2244744971276793 0.9738548911037097
340 -10.1160032120522 -1.8248071836980817 0.6207044440525643 0.023380534761333054 -0.02601249647414814 -0.19493972838106705 0.980191411368296
342 -9.670014926115986 -1.9486263230262433 0.6737338221429936 0.02092144375244324 -0.028321862745590533 -0.16740387064036047 0.9852594122242927
344 -8.887388452449608 -2.1914321246441375 0.6709065254145193 0.019098688145287406 -0.031275511371575034 -0.14650479440882083 0.9885309442373591
346 -8.081185046575358 -2.4000287215680776 0.609084429134984 0.017673437922838778 -0.030682076249381383 -0.13587714392710232 0.9900927540120816
348 -7.482541884425494 -2.493838259052417 0.6295462192654891 0.01653053647805226 -0.028386520295558132 -0.130220709481063 0.9909407215628522
350 -7.066599656797333 -2.586185516651378 0.6042979507782934 0.01622603069858247 -0.02503892513690153 -0.1207575141671032 0.992233536486214
352 -6.5767205496158745 -2.755686516320763 0.610231796099544 0.015252403487661374 -0.02467489063585297 -0.11540929963017527 0.9928943586902036
354 -6.063493312885831 -2.9128453880588334 0.559412196432338 0.015138440341920455 -0.024266903718278846 -0.10702260288127398 0.9938451124196662
356 -5.679452520546261 -3.0309676463579738 0.5953632318658414 0.015918736500177482 -0.026346801131592195 -0.09330937564179782 0.9951611931319007
358 -5.444202853874808 -3.142851010107822 0.5814016575517139 0.015965237604704884 -0.026261014080290516 -0.08014195513130813 0.9963095590003297
360 -5.261068479448939 -3.2890745980139453 0.5728953254901302 0.014929400980309765 -0.026474099229915005 -0.07320076959700673 0.996853992511812
362 -5.149744817579375 -3.370165911000583 0.5966701676441772 0.012458045004183077 -0.024671954701492017 -0.07519465380773876 0.9967857622401193
364 -4.988444563385409 -3.456052946899489 0.5156521882909911 0.011419747660305077 -0.021848397850454414 -0.0785335786277666 0.9966065993674031
366 -4.785919461771543 -3.5616195157848645 0.47938088626110714 0.009350511624350666 -0.018842433372251367 -0.0855337038665508 0.9961132044802158
368 -4.672390643913359 -3.5457002427867312 0.5213016981189446 0.010043796436757867 -0.01928206181513761 -0.08142122788840542 0.996442626494089
370 -4.499593842439141 -3.616101317351888 0.5997328894808226 0.009440883753269276 -0.02054549410536291 -0.07317456995586843 0.997062803788055
372 -3.930077349309491 -3.681889485822243 0.5970487409594567 0.008887684613151146 -0.018184931472871493 -0.06635098698976748 0.997591030360151
374 -3.210017077054091 -3.820023546993045 0.5548287360891979 0.007203679767492652 -0.019088814146224865 -0.05443792441636143 0.9983086880106458
376 -2.9307368551670705 -3.956833804089527 0.5009991673896151 0.006608423145999598 -0.019277263726808887 -0.03557990699307865 0.999159039425203
378 -2.7628033950953323 -4.118141844700948 0.45286155831034963 0.006281204346823738 -0.02057797169826514 -0.015828423889348325 0.9996432136267008
380 -2.515767529243019 -4.307645992579291 0.4056782659235139 0.006679383029823262 -0.021259689082430942 -0.0036985502065877015 0.9997448335394531
382 -2.3637238867380543 -4.46834585696687 0.3659977553120854 0.006575117375686193 -0.020691650691629284 -0.0006046006674084357 0.9997641011164505
384 -2.1542511073303796 -4.6066050480515965 0.36158522488394457 0.006323261506385155 -0.021374999165037056 0.0005333297255746795 0.9997513897634853
386 -1.983016165054805 -4.713778334501379 0.3361477145050458 0.005752657833041515 -0.018995227575813248 0.0014565395287185804 0.999801963765725
388 -1.9017751071688582 -4.8012998494796895 0.34447623555891105 0.005420977433558362 -0.019382113052206548 0.020172847642956907 0.9995939190067485
390 -1.8021083529879645 -4.816677657679487 0.31040664205670726 0.004797969388690587 -0.021091745766007367 0.045049352052251405 0.9987505562601503
392 -1.5797446419717267 -4.8549258291819966 0.3692737103078566 0.003209972169888551 -0.025068227575013147 0.06477463159655145 0.9975798349738466
394 -1.2817397356158857 -4.830403947333128 0.3335899702292021 0.002630355645677135 -0.02570558254484864 0.07574624771893465 0.9967922603088916
396 -0.9294835311367243 -4.817818129609458 0.38917061946132836 0.003545145031492037 -0.028298742321352006 0.08679279131913327 0.995818067974652
398 -0.43356292618214654 -4.89481339332818 0.41905839749070073 0.0031281807131479074 -0.030165294324008447 0.09387411182926887 0.9951220631822199
400 0.09852451475996808 -4.91680199434916 0.4267153070501846 0.004413157464231089 -0.030293507933141752 0.0995296960125303 0.9945635560535856
402 0.5866914535896599 -4.943901841691288 0.4205248894617616 0.005694894114981382 -0.02870256351519664 0.1033924267300893 0.994210107132058
404 1.1444105980953014 -4.9735771715691985 0.42720326945451 0.00599692253099026 -0.027565054633541433 0.10880297484391621 0.9936629797614085
406 1.5727991411072981 -5.065908639343375 0.44241331217716484 0.007327999367769428 -0.029110783995749807 0.11672476651618124 0.9927105275769778
408 2.0117512799356727 -5.083613989518957 0.4908528320047576 0.009157219036630903 -0.03100955653034062 0.12012580594131311 0.9922320008396508
410 2.328245178883448 -4.996134880866942 0.44354671590159245 0.013174783306664078 -0.028589788761561732 0.12408552253821792 0.9917720666361848
412 2.4644329137752337 -4.913466095895375 0.43489003969653195 0.018002970760177227 -0.026678972066401643 0.13037350655255056 0.9909424172384995
414 2.682003885033645 -4.8173021957794875 0.413379480956234 0.021702355281213316 -0.02241183255712607 0.13127283764606065 0.9908552667433476
416 2.7895681946965687 -4.7991493978508055 0.37614637012202545 0.024016843403257413 -0.01990449228984427 0.1370533998843038 0.9900724054329461
418 2.88906081546672 -4.817158521780067 0.3390899824538376 0.02481908428838421 -0.017944207955624306 0.1432534064134954 0.9892120500716018
420 3.1908811297837536 -4.812639535915864 0.3457042788023155 0.02610893212682743 -0.01739660626207881 0.14753625357492556 0.9885589186461443
422 3.7131640722738606 -4.754604239450915 0.3247342031428844 0.027242856263924815 -0.017849306233159695 0.14717109099959164 0.988574680549511
424 4.126320331814968 -4.74678760389939 0.3170418407160211 0.027142022393360457 -0.015649509597466013 0.14361399140030232 0.9891377178855485
426 4.422126788087418 -4.798513188436011 0.30387295407773574 0.026347617164419725 -0.014984034053766792 0.14369025397526639 0.9891584264948443
428 4.665002095739007 -4.826982250085727 0.29572508275105497 0.026247014886460893 -0.014595923748507418 0.1442987951580862 0.9890783138535605
430 4.996549520917883 -4.765471149763426 0.22645750290589692 0.026293875616547568 -0.011020887356644148 0.13982601096034206 0.9897655574962447
432 5.354823165052034 -4.689632421151485 0.28390964242849737 0.02598876138739591 -0.009855752512720969 0.13342749476448534 0.9906687398241807
434 5.552120282031849 -4.7293937753222 0.2780103611104756 0.0252427128711924 -0.009966532859222986 0.13157752935982245 0.9909343204457265
436 5.708086192445819 -4.670696543341963 0.28101923535886913 0.025843109952682478 -0.009514572308998102 0.12869196019837553 0.9913021668300993
438 5.8058416339758665 -4.5999906783540165 0.25168194311776393 0.027162186639510245 -0.007328591584631742 0.1258733024220279 0.991647325968118
440 5.795943804215061 -4.570553371340806 0.2788198977432302 0.02767083083435009 -0.006953213911542082 0.12521410180257694 0.9917194193152674
442 5.6674255740586466 -4.524270597752582 0.2821740847159025 0.02716392670280108 -0.005005207407947809 0.12666467476845644 0.9915609558421961
444 5.542967085262236 -4.514479724497848 0.3241195402713582 0.026485917533318398 -0.005232809096227071 0.12918693393755448 0.9912526670739377
446 5.6633070589454215 -4.516720672417348 0.29164528519896943 0.023823907358839845 -0.0037376978049875865 0.12473863613890455 0.9918965287304325
448 5.91666036605007 -4.49080018722777 0.32543368231249137 0.022067337186538118 -0.005944195331333081 0.12202781100591603 0.9922635297704249
450 6.146554306262605 -4.487338701198024 0.3121141183331073 0.02034425715774531 -0.005471639316438486 0.1182477214018659 0.9927606200626398
452 6.07274257449057 -4.440542143744044 0.426328478930031 0.023675883505475545 -0.015658409226882906 0.142231042031477 0.9894263981941047
454 6.064578571261598 -4.4041447195862675 0.47950226971244136 0.026064037825829924 -0.021425659621771263 0.16176452838607255 0.986252424279919
456 6.247573792442583 -4.325199743634589 0.47905687267663744 0.028869039289209635 -0.025828678957291764 0.17548445403606314 0.9837198098572093
458 6.470030236972035 -4.352641778292092 0.47428271884768397 0.0287278964524065 -0.02635828378359897 0.18488938661326626 0.981985673805465
460 6.844555308691817 -4.333502241317793 0.4810319412855345 0.02907749722339405 -0.027864971085399447 0.1933847229079498 0.9802960733816335
462 7.214785395117766 -4.246217849222671 0.5144814653132803 0.02999005631952828 -0.028674854847858405 0.20148532365235985 0.9786122897113593
464 7.500620908305057 -4.151677907487567 0.5405602699768808 0.03242554545863568 -0.02930352288669214 0.21206471167827712 0.9762778526674403
466 7.808515355280519 -4.096419346654782 0.5314625827105983 0.03244485469711833 -0.027596776455115938 0.2190220235614831 0.9747897735040116
468 8.052870678597086 -4.115191508134262 0.4406880120138258 0.029314001560764986 -0.021968814584179774 0.22323931000258462 0.9740750848717112
470 8.343157831511574 -4.1229452649053435 0.4133197714327023 0.025452783051902145 -0.016457337975502417 0.22014749017215257 0.9749955868785124
472 8.596977892394747 -4.09314696828269 0.40086023611617927 0.020883306440184574 -0.011376059765658187 0.2148042850973791 0.97636754958373
474 8.74319974683485 -4.016395020752635 0.4609365508528522 0.01959181365955582 -0.012393588489853558 0.21569673879380888 0.9761851651585312
476 8.883183083858878 -3.9068309998075983 0.5234163345043427 0.017792997872763734 -0.013461107322047966 0.2144906112527189 0.9764711903076296
478 9.206106598390356 -3.7918726263843117 0.5996817471993572 0.013995584908461759 -0.01133678381659708 0.20931911241865914 0.9776814972740512
480 9.634743186537051 -3.5328455945582586 0.6401355463258875 0.013089844023491956 -0.004374684091452938 0.20226138962631815 0.979234317407724
482 10.025575046790394 -3.360091066669116 0.7525854773230236 0.01275788637170876 -0.004221318707780316 0.21037152371540535 0.9775291498535236
484 10.215544075207646 -3.249676195642772 0.7873625647409985 0.014107603729607525 -0.008694619267810918 0.2336384420991498 0.9721823169993776
486 10.364135288283688 -3.2074762791100246 0.8529647564417021 0.014430375113166 -0.014238679833915321 0.25649897994272136 0.9663318775446788
488 10.53479144759577 -3.153407875459616 0.923775280947549 0.01503710677464067 -0.018424559143601624 0.2696727819840577 0.9626583047463887
490 10.740202469682457 -3.0358262842209465 0.9181990597543868 0.015539590700701027 -0.01599110108127795 0.27077994163101016 0.9623829949751657
492 10.799664996315805 -2.991610326974908 0.9597846171884309 0.01441548310436379 -0.015619769728328896 0.27394612439240595 0.9615101338888126
494 10.808566932270269 -3.052213729714153 1.0031290947102667 0.011020943058390522 -0.013834820661497957 0.2776611315983058 0.9605162323203686
496 10.710800825983235 -3.1370292521505783 0.992955327445994 0.0107126342897242 -0.01523030840899257 0.28679472681168683 0.9578110783684596
498 10.599252261139199 -3.2095775101168407 0.9743962386966247 0.010280440399782893 -0.015973973072578522 0.2929990159585609 0.9559240144367008
500 10.724649812106206 -3.1538252567208676 1.027972292211185 0.010232823007092957 -0.01773930867561017 0.2926114057756512 0.9560121188933821
502 10.898033912179041 -3.153260433763713 1.099857941538418 0.009254560690293602 -0.017661655129795534 0.2881803756295642 0.957368523686939
504 11.02580192760171 -3.20682797238826 1.1693462484948434 0.009623885408317523 -0.017721491392791663 0.28559944938963583 0.9581368817036527
506 11.014946049005596 -3.294142968562626 1.1300345619163132 0.011408071317336592 -0.019352051088382043 0.2943030521258907 0.9554480977723889
508 10.967654113654104 -3.422685981149256 1.1285686234200099 0.014995309456440674 -0.023823083879391343 0.3096689178151123 0.9504276735806878
510 10.987115599329798 -3.5913836801641588 1.110826528290483 0.018285939019176904 -0.026456683793473053 0.3181044479475219 0.9475100149934256
512 11.169031330471602 -3.7457488436937236 1.001151419303542 0.0220885620982704 -0.023638613068628973 0.31529399099041444 0.9484424129286706
514 11.343026261753849 -3.9344027888086535 0.8816543872478483 0.026352378969112192 -0.021928295312728153 0.3145873710885441 0.948609238801175
516 11.322041319429806 -4.056296362290498 0.8153411409455542 0.03100271083098109 -0.02382436900399705 0.32192392329853337 0.9459578314971403
518 11.223920347395778 -4.229411170145797 0.7608490968968521 0.035489060490306625 -0.02625858762384676 0.3307409303776981 0.942688416251314
520 11.169687330038503 -4.429902748441832 0.6385140583275716 0.03771938526678593 -0.023671404682741523 0.3322649333470413 0.9421342402456923
522 11.151440561169608 -4.702817366648636 0.5155573315169919 0.03808977602320239 -0.021263132838081775 0.3351367354192818 0.9411590815143414
524 11.159715688394533 -4.882179032878746 0.45367603703442605 0.038274767790841 -0.01991595696803087 0.33853924463237073 0.9399625400261166
526 11.191419346839174 -4.921498425801422 0.4450722966945344 0.03980316640206065 -0.022108550389118155 0.34382770766673865 0.937928263453393
528 11.192275374112423 -4.947932733760162 0.4128194515014775 0.04224476909057146 -0.024353420303760465 0.3486278592479964 0.9359919370166346
530 11.215116805019605 -5.005017734742555 0.3921671814450961 0.04456707701500091 -0.026377216134523585 0.35306872342807527 0.9341629914807162
532 11.334890880646043 -5.024624437348716 0.3428482878073224 0.04654058321884596 -0.025313443360286195 0.3536125778140453 0.9338904371020195
534 11.43718612422805 -4.911039546066466 0.34124700206659225 0.05094793007543027 -0.024726084831661596 0.3544358289890482 0.9333639013154369
536 11.492577855848479 -4.837268056888253 0.3210509453890848 0.0526553186058005 -0.021461270248106 0.3543778700532027 0.9333719282892619
538 11.534566491823586 -4.788390796392433 0.2914669717823995 0.052157452928754504 -0.01918154050346791 0.3545289231368973 0.9333921529921335
540 11.600437694666484 -4.702034790259506 0.31784676463781547 0.052288435623321534 -0.017260954543434962 0.35262909600465436 0.9341416913933644
542 11.665993925110023 -4.592564500652046 0.293142442419494 0.05301408553124188 -0.013549062929964478 0.34764392357349533 0.9360286491509925
544 11.6678938728399 -4.6333661164071644 0.2949013259205116 0.0488020021119202 -0.010267717883390728 0.34261352851015436 0.9381518579852395
546 11.664750564234316 -4.737154898627403 0.26430402834674166 0.04290060946114114 -0.0050455902067616945 0.3371753806152079 0.940450340227658
548 11.661122059827894 -4.858695545382147 0.20271365609091765 0.0365350802267461 -0.0011744374753746064 0.3313569395071502 0.942797108210402
550 11.666669274207141 -4.999447191216895 0.1343307949663841 0.031392423921806356 0.002163610181532379 0.3290870351798089 0.9437751627309648
552 11.804732535842316 -5.022066488694595 0.1333870167672208 0.028844205663949248 0.004666263028463629 0.3247925505788281 0.9453338229839576
554 11.948326161206174 -5.0254770794303285 0.18326454992675703 0.02660320116628116 0.006090479758728141 0.316993150977068 0.9480350826723896
556 12.093649899694219 -5.083928369505173 0.3653149577834009 0.02368862369027978 0.005605097434574307 0.3088413067236496 0.9508020189564375
558 12.221350139217538 -5.477050298189046 1.048989532053238 0.021739039573159664 0.0015288323373153887 0.3113080533281201 0.9500591417186498
560 12.432460451331414 -5.773016711044688 1.554356112832559 0.0192568297856951 0.0007678137524977963 0.31002538425593096 0.9505329274073617
562 12.57379546869207 -5.769216152729922 1.5103641750004217 0.0165897596988646 0.006433426459278997 0.30234401421996543 0.9530327843062296
564 12.741996266099918 -5.945080905691378 1.7307611869043986 0.011844202994616216 0.009607693499756185 0.2980708702488438 0.9544219000998112
566 12.986790514857233 -6.140775088229048 2.250946846893113 0.007766579029529528 0.009084072724928663 0.29612651608087515 0.9550739481038677
568 13.252090361739475 -6.148641964139845 2.4983852597715153 0.003954667532202626 0.013738491791100526 0.28689238573256964 0.9578561340079679
570 13.481942355088007 -6.172087068783718 2.3282910511824397 -0.0029360978927173735 0.022517370648842364 0.27477692073560456 0.9612398198052795
572 13.645020637821894 -6.332599869635307 2.205257858137271 -0.009679679746132869 0.02802043773040474 0.264213826122178 0.964008409172497
574 13.799450878542007 -6.482153500197462 2.137655172977933 -0.01912342478632022 0.030958172452896154 0.2507662943099267 0.9673635055246224
576 13.515731577613014 -6.43093835076647 2.150650737237413 -0.023136470169315703 0.02898928815911885 0.2552796773461153 0.9661555833581853
578 13.134667298324777 -6.135270665370813 2.3136042685316176 -0.022925850097091187 0.022679173696440992 0.27138909758371155 0.9619293207873804
580 13.113606708779495 -6.07156197150561 2.3680889900621684 -0.024712446500785894 0.020553782961824058 0.2752754342985405 0.9608279098078145
582 13.108122139644703 -6.089182035526652 2.3526667354561925 -0.024385731276318937 0.02118020103590092 0.27284497832875687 0.9615156540561252
584 13.123151620081368 -6.079973062048812 2.336843636705076 -0.02401437092946237 0.020851876936615953 0.27240033016184767 0.9616582393682274
586 13.13386751107251 -6.068194813554702 2.311296430787051 -0.023982499078575394 0.021909121260817822 0.27041292182830556 0.9621962803148865
588 13.115654793212633 -6.089093726859207 2.2399133698736016 -0.026039351330028306 0.024278529544520512 0.2670039288511523 0.9630375938474655
590 13.136348203502148 -6.120377141927693 2.212889106198211 -0.026957776729298825 0.02403213162292152 0.2651324271429404 0.9635354331838375
592 13.149238991759407 -6.109900811474797 2.195331200216838 -0.025860279526641335 0.023650934100927896 0.26356797365999735 0.9640040469415677
594 13.099860718989136 -6.066239411817718 2.1726134114707962 -0.023887201780453962 0.02432599253930498 0.26296230432762824 0.9642035439578001
596 13.104389266474087 -6.187541950964285 2.1658973562370654 -0.02664130634756749 0.0230658659582616 0.26456479979802977 0.963723857404972
598 13.043146683612258 -6.318962446793293 2.1453497808877176 -0.029640510257428775 0.022466966214947127 0.26687674432112785 0.9630127096364467
600 12.949522804953846 -6.457244665614507 2.097144269652785 -0.03268251842534433 0.02307877174379708 0.270182234408577 0.9619775379363924
602 12.834142037295075 -6.486530261248872 2.0609257824600555 -0.03218603713351042 0.02345538843653842 0.2741468590196402 0.960862843207394
604 12.77032634690564 -6.391172960171453 2.1249295702090105 -0.02789687977647945 0.02119294914064699 0.2776850477886338 0.9600331438237343
606 12.763455733523772 -6.336726984006251 2.243724333892029 -0.02434193671414266 0.01660750631950223 0.27974263969611046 0.9596226948059869
608 12.755451568323025 -6.276451826937089 2.3378224472428406 -0.020426721835624675 0.012532261270743974 0.28190873991035975 0.9591418840946552
610 12.674380115249265 -6.214348887585057 2.356367997607035 -0.01577756722184633 0.011146677525564464 0.2843770864505011 0.9585178624598633
612 12.539148121899593 -6.131946424328129 2.413174568968059 -0.009294729631382578 0.006808373068007026 0.2895675134835083 0.9570882452481717
614 12.399608190303962 -6.105519000171589 2.4536099732802206 -0.004231472228165807 0.0018929056455571503 0.2945516819031867 0.9556243081038714
616 12.365376280065554 -6.12351013817155 2.5252416283540575 -0.0004306337117191501 -0.0034569318917704243 0.29958734377745166 0.9540625176710763
618 12.365824868276368 -6.041725127799656 2.577246675891762 0.00384826066840143 -0.00540931108647506 0.30140811731976114 0.9534721165598683
620 12.338101961123694 -5.992119863093395 2.6069004001208373 0.007762695108152964 -0.007339982134664043 0.3037254318095588 0.9526997046808704
622 12.29297011659252 -6.020761390135171 2.6418353357723103 0.008483977539319433 -0.010007784722570155 0.3062003301148834 0.9518766853997399
624 12.278775714433003 -6.084323155815314 2.6058246664442546 0.005878146146704077 -0.008786461255275272 0.3062296595944312 0.9518989657947772
626 12.276120700625658 -6.13727810164588 2.5932323402057693 0.0038835245266676077 -0.007618589302120965 0.3062758871578747 0.9519043840008057
628 12.278665744988391 -6.157589971447709 2.591333058702389 0.0040440649240169255 -0.008349991246590981 0.3083846063729214 0.9512165146470547
630 12.298568376880826 -6.118366459185437 2.6345565447337873 0.007626018152426081 -0.010673305960294172 0.31152750156016135 0.9501465887739114
632 12.299198217765438 -6.072034155450678 2.6943493187024727 0.010712973312755473 -0.01346619973107774 0.3152693827711275 0.9488461993151024
634 12.328248691394293 -6.034242732400969 2.764022360054118 0.010533336554472148 -0.015533142443980538 0.31646732213151274 0.9484177372496545
636 12.362913875525196 -5.956401045723955 2.80565698812567 0.013053093352795978 -0.016718206850262814 0.3164352176314236 0.9483769669051377
638 12.253325084867544 -5.854060162786691 2.703154502638961 0.018788923548935556 -0.01429255653433267 0.3174538953781341 0.9479798117517239
640 12.210624074239883 -5.8856138673513225 2.711000942636769 0.0180316921236397 -0.013505870426694625 0.31829702613419825 0.9477232996488486
642 12.383687818040404 -5.940468559782825 2.8690986944516994 0.017215196899547536 -0.02033559748452796 0.3203109434777979 0.9469376959225037
644 12.349965016656714 -5.772868361177518 2.8703369829478156 0.02355697998632391 -0.02004366141493087 0.3188500738349917 0.9473003487524049
646 12.196400452439862 -5.718074142102359 2.7530352753823975 0.025559257438009957 -0.01619628243322768 0.31949317443909875 0.9471053353673964
648 12.317574571927171 -5.904569475431838 2.7793217137258703 0.019335363870117365 -0.015526313718220686 0.3185763082419934 0.9475728009568636
650 12.39250245992038 -5.994591557388287 2.8195763443278214 0.017332634097971002 -0.019568623323908046 0.3186478837786181 0.9475126252139553
652 12.36512085967181 -5.966914227675581 2.763288683918236 0.0191095426836507 -0.017989864814684554 0.31906403207737005 0.9473696921354947
654 12.23214982106188 -5.994230277531498 2.738454614015077 0.01820072063009019 -0.015515865931302013 0.32225245620370707 0.9463515975279088
656 12.390610590612955 -6.052433016907866 2.807329768906212 0.016407549720181974 -0.018983106709577497 0.3208595699981101 0.9467943653784915
658 12.502101014518766 -6.011269390946643 2.8599382580834005 0.017907718009822406 -0.020970075889952308 0.3193280518666332 0.94724292810446
660 12.321852400810391 -5.917265047011748 2.8533429828977948 0.020605232559390903 -0.022139685904292505 0.32382724433415017 0.9456326847810324
662 12.463352750675247 -5.884484279381882 2.864714384753906 0.019990649386059507 -0.01910394328107597 0.32064984970404575 0.9467941102335872
664 12.329375124234577 -5.799068463635734 2.9106227010302703 0.022327884521011823 -0.020730037544403487 0.3242854044753098 0.9454685121993798
666 12.43940323066551 -5.747091884033007 2.953122127350262 0.021636375298024136 -0.01898424950951289 0.32173879056644705 0.9463908369058543
668 12.412697362973086 -5.622701677843975 2.95898733142318 0.024753372028895486 -0.017288800761021236 0.31988837047555063 0.9469740220174689
670 12.420947461467962 -5.551177974893486 2.985900259882487 0.026273264409385808 -0.015298581678870033 0.31918217067457727 0.9472055800613478
672 12.534796572186794 -5.541536774532805 3.006109027166292 0.023063598557326936 -0.010986644890778115 0.31412380331965406 0.9490382501478145
674 12.547338248334551 -5.574847536905471 3.0463417183537556 0.019555749088133158 -0.007668356997698242 0.31274871761049905 0.949603606043883
676 12.657174664522266 -5.7776154132083155 3.39312148695231 0.014950443210801814 -0.009435242866004001 0.3139187684299586 0.9492852402030058
678 12.664995934346381 -6.12193889260311 4.140896281125664 0.013127169306067898 -0.017125092308156425 0.32271353970114725 0.946250696133431
680 12.610397895367353 -6.517809218635544 5.1295622025765 0.014367413138417176 -0.03404472099148486 0.33959699353793754 0.9398448895388621
682 12.414688797286422 -6.5297829725341625 5.406430418799227 0.015937360320957022 -0.04435657551198076 0.34983084329435316 0.9356264617008284
684 12.364764763265333 -6.349844845985212 5.353771639559414 0.01741498676220385 -0.04564307612811613 0.3546112226528782 0.9337367448088706
686 12.571745310575656 -6.3075255970871416 5.3317620540718975 0.015482852582552893 -0.04007689278665 0.35142120062667165 0.935231128486741
688 12.673327722101583 -6.2032514814192155 5.296292456303359 0.017303747563789627 -0.03701760877035009 0.34848374448482705 0.9364237058036322
690 12.701214781343982 -6.124738854511252 5.2086056253289845 0.017302720229545925 -0.03397556323883651 0.3450923265536146 0.9377939875735369
692 12.701436500632221 -6.036494541447254 5.062722527886293 0.016774540937064333 -0.03417444942955053 0.3420672221415244 0.9389040085753808
694 12.66610275949617 -5.778610193574149 4.538743639570028 0.016400244324637978 -0.031079817905769358 0.3340701035703408 0.9418929041061611
696 12.487249984440107 -5.441908105546006 3.693009534942562 0.019820509284358113 -0.027258489464686723 0.3238740645435875 0.9454997157481477
698 12.245146116493661 -5.384044588728903 3.1918615812495856 0.024223594329739608 -0.027030365500589355 0.31794781137635636 0.9474131971107631
700 12.178469540951792 -5.691759808663258 3.0606569946198627 0.02327292234635419 -0.027302372069517855 0.3119249452470461 0.9494291864575606
702 12.122679188517216 -5.797617653163364 2.6699404999162253 0.023019470076660453 -0.02541870043976334 0.30557457185726306 0.9515504057587247
704 11.962779799206794 -5.510805557312697 2.0345519293025145 0.030565800680786657 -0.022487241795705947 0.2970540562197505 0.9541063585725427
706 11.883584036343562 -5.232137353754148 1.4362298609114308 0.035925009470373054 -0.021774306518951427 0.2906657430656641 0.9559020342473686
708 11.782805482097867 -5.085331139372558 1.1530522605566664 0.039796448777475464 -0.02366158510577414 0.293273627385709 0.9549067763583062
710 11.859832746990602 -4.999876078449902 1.0518982525017748 0.042884064241237065 -0.021944275167717818 0.29534250443783755 0.9541761948895513
712 12.082270250956725 -4.8622613363909455 0.9335925518513868 0.046805119958332676 -0.012903161002644931 0.29316382072754216 0.954828656565279
714 12.356629487470459 -4.816508987537946 0.8618437928991314 0.0460469729098349 -0.002494533020956158 0.29175444773804105 0.9553809689416672
716 12.674349508202328 -4.756535178125695 0.8556058018212156 0.04190560413621247 0.0032645173521640173 0.2926168993680041 0.9553055079254447
718 12.816575221914121 -4.606558483590408 0.9642641443680167 0.041168402113044546 0.003967711012521359 0.29653248436592894 0.9541267765095737
720 12.777589799269471 -4.524402411756126 1.0647288758713842 0.041240560861118596 0.0007930232900613613 0.29681068592810994 0.9540450743926131
722 12.61674504419255 -4.510642779624791 1.1384993631449376 0.03365387244393867 0.0009665608251715643 0.2887007440793289 0.9568272378009209
724 12.419103602035026 -4.4219925788093 1.0895517644824217 0.025201932432396722 0.0036097023646240985 0.2798259994361495 0.9597131043650867
726 12.32599937368625 -4.366740503527795 1.0354010218085854 0.0134744989950062 0.00659011448153572 0.26787956641108424 0.9633356352628939
728 12.109805619201664 -4.006769469798786 1.2237467169186154 0.006063574670307463 -0.0004911654679645067 0.26830588598699406 0.9633145609630505
730 11.771462614062356 -3.4857322493870266 1.4416532765483157 -0.001003792641457858 -0.013226011564307383 0.28362713962901664 0.9588429019835815
732 11.483674626336846 -2.9862504736138424 1.4654152257900677 -0.011178944578677415 -0.014440899366312489 0.30279908784466714 0.9528794278522527
734 11.62237151264389 -2.463155234689883 1.5402074143065136 -0.015107794776768504 -0.01241826217899311 0.31625076645147293 0.9484740344470654
736 11.99332912413476 -2.0117383392205217 1.5915788987503279 -0.016636452202496575 -0.01065655980834061 0.326229919190827 0.945083967706527
738 12.329698573263194 -1.6779033773389016 1.6025258127953148 -0.01853652133550015 -0.007228028225789467 0.3361040904046369 0.9416146735252257
740 12.612246972615415 -1.305140190986935 1.5170184293737603 -0.020986997172487813 -0.001288718927243022 0.3400923483045988 0.9401569442267987
742 12.889287410642913 -1.0467223432737274 1.502870935203181 -0.023998088177168884 0.0001863112788431762 0.3484859793991065 0.9370067124701903
744 13.17595678613913 -0.7998463770313365 1.495932143222595 -0.026071426443435606 0.0016111663253176515 0.3543702304474218 0.9347402979645834
746 13.409477686192487 -0.5438880181498679 1.4907107905819021 -0.02824594596008088 0.0024947222221961734 0.36371050987429837 0.9310803444949486
748 13.715456613913364 -0.2888606324832751 1.372584769345827 -0.03327600454813707 0.005432091200905211 0.3729254733000915 0.9272485056716997
750 14.028057864172423 -0.0481388584539578 1.2580105222589635 -0.03830279344194085 0.009242671106723803 0.38222096348035806 0.9232305259909379
752 14.418700856276466 0.31186038502525953 1.1419665608540868 -0.04007520696063837 0.010350134162401796 0.3898623842627612 0.9199424839884489
754 14.77834923871806 0.6058460788536868 1.1465308714786018 -0.04026335725760125 0.009495404241466198 0.3955827309950098 0.917498230134079
756 15.100668606312063 0.7728782105722276 1.1787203483779831 -0.042695634665037334 0.01041427521176466 0.4006834757765515 0.9151619408017276
758 15.45216745973202 1.084734086735846 1.086178719467559 -0.044884799791749044 0.014848537121148435 0.4006316979088027 0.915018643702808
760 15.783044431268822 1.5335945878470219 1.0121156015323154 -0.04573937511380008 0.015879663023321278 0.40453921639272306 0.9132380676837921
762 16.07669312553788 1.862222242751421 0.934127473749834 -0.04791422170108878 0.018492208773388658 0.40848292644152984 0.9113199023280595
764 16.316807235889257 2.131371121713714 0.8206515779831011 -0.051087954627794176 0.02151508190479813 0.41144385290910784 0.9097478101352522
766 16.496695999597435 2.3868702667509982 0.6799251477519429 -0.052230322767650425 0.02484576241046319 0.4130191390496157 0.9088838607063854
768 16.510134382887703 2.5050282103286414 0.4982092287629186 -0.0510578770969119 0.029538177765731793 0.41461329479591075 0.9080839195906488
770 16.541296253695403 2.635583082077023 0.27760493314367163 -0.050596944453550306 0.030999329571767754 0.41581806556900835 0.9075099597935623
772 16.743757342483658 2.760578528680589 0.10247189922991216 -0.05423159814553296 0.03284155262037555 0.41361091091853014 0.9082435689578034
774 16.909837109036484 2.8143422865851426 -0.0247322003110006 -0.058939556594798374 0.03412478633572432 0.41113443022838153 0.9090270116485725
776 16.928136511349113 2.779772069301576 -0.08433323317187978 -0.059464722006958966 0.035226672744220984 0.4122731019463393 0.9084348726108824
778 16.989936559219924 2.812152688815965 -0.05059747226675144 -0.058752353935586324 0.036262475674766224 0.4133601497932741 0.9079463532212939
780 17.04433180624416 2.878572702869676 -0.028642768687827905 -0.05815098209277261 0.03663691116076886 0.41417271468032507 0.9075996708001685
782 17.038143419106536 2.9636305268807144 -0.02087023898283805 -0.056866402355191296 0.03647658001671753 0.4157004413091503 0.9069888723070638
784 17.046755886851727 3.003905662681104 -0.009568644846430016 -0.05572502064678394 0.03569022729756149 0.4171427194096356 0.906428641092556
786 17.1302887171245 3.0671444282897165 -0.006478775242039556 -0.05539735838119396 0.03372320984069486 0.41719034871410804 0.90650211844332
788 17.189717534631242 3.06875255007042 -0.037025310906529496 -0.057007780818341985 0.03405265536557646 0.41577819193484666 0.90703860154908
790 17.196817824447677 3.052569441681043 -0.06402253337937248 -0.057856699234499404 0.03512284741967049 0.412639646644075 0.9083763041604928
792 17.19230057344814 3.0507732671370653 -0.07162265211705025 -0.05730598501346791 0.03497439565850041 0.41097887979259756 0.9091694980004447
794 17.11222748836649 3.1145024485896813 -0.05216693465263764 -0.05534014575222483 0.03333438726058012 0.4114381957684852 0.9091451468037751
796 17.03826879161905 3.0937436019208158 -0.02976350427046485 -0.05530608854436657 0.032088354394816984 0.41499488676936624 0.9075741391409499
798 17.04617223353323 3.073095210294524 -0.01395891554385589 -0.056055704993703596 0.031416448523736665 0.41765759608477493 0.906329353564421
800 17.014961478317087 3.0593087130354144 0.020899763261889415 -0.05642577572842881 0.03174403349087275 0.42114492445813695 0.9046797227606715
802 16.844046891554267 3.181481037407565 0.038145624853880546 -0.05236761738988908 0.03381064947014183 0.42367081418886476 0.9036689182636846
804 16.686501961756186 3.3000380198197994 0.09987779701012084 -0.04932365747213289 0.035217823135711 0.4256607086930639 0.902850952717043
806 16.686561896871137 3.3025632856183247 0.15058588463653663 -0.04882351307314988 0.03473733483056488 0.4270846916690495 0.9022240565857341
808 16.699446080190942 3.4377077504165987 0.20276639213945305 -0.04676775326401069 0.034161267697951386 0.4274007100125091 0.9022053081891663
810 16.66272518098243 3.627002492489739 0.2203573435266565 -0.0443068906398285 0.03427758173002838 0.4299027620996487 0.9011357067454736
812 16.64757041376726 3.798472148897735 0.22734727776490843 -0.04414132402235947 0.033880374537443414 0.43379279221725875 0.8992927649854133
814 16.727790513418533 3.9351791421181663 0.2268047605928903 -0.046059737062270775 0.035916254111393875 0.4357015205460215 0.8981941373145592
816 16.8202607760784 4.094952941601549 0.2266542568427733 -0.04712494991455974 0.03750698566373696 0.43808051011116594 0.8969157885680856
818 16.92443925863017 4.334777004437731 0.20337226825044308 -0.04682252299211187 0.03806036965598201 0.44101373807593874 0.8954696770022927
820 17.064507643944633 4.5467798910518855 0.1848285097049397 -0.046428248434742914 0.03906975352531029 0.4430494890192711 0.8944412347306648
822 17.167391616003503 4.605503606891315 0.17020358678343156 -0.04816968317499265 0.03869220217713979 0.448806270987164 0.8914906203859356
824 17.25952303458943 4.6091140029085755 0.15080596634782745 -0.0509633984094616 0.03988596804567822 0.44963294514843843 0.8908659024863164
826 17.30026093535306 4.72885632585436 0.11020180987739707 -0.050971113507849004 0.04140051893160761 0.44853414019009064 0.8913501375463515
828 17.275811728591474 4.825772357068328 0.08865343921855666 -0.04891151645932177 0.04204645370249128 0.45185854226005817 0.8897548072785607
830 17.311242360418518 4.887725541744074 0.09547584945034525 -0.04797632509406746 0.04190407836068503 0.4529145136011928 0.8892754150523924
832 17.46296619464407 5.04794481763696 0.10085281428695 -0.047177691026655665 0.04284728356421941 0.45511909654662147 0.8881469381353221
834 17.49299288592972 5.129052432941196 0.11546090419351017 -0.046204626261910325 0.04249610153195823 0.45650368958268234 0.8875041381672428
836 17.588908602464322 5.385814086245367 0.07898524273885042 -0.04466876890264027 0.043402803171364114 0.45591778910137987 0.8878400009813141
838 17.79947940102792 5.726860756246165 -0.003420412043479565 -0.04711156020995428 0.046889810518009424 0.45541405938202784 0.8877949544130963
840 17.909395416047868 5.825743033212948 -0.01697863620058912 -0.04871484171263633 0.04816593869648961 0.45443172391087144 0.8881434089435063
842 18.071242053291716 6.129498765552769 -0.029398618744474234 -0.048076574739013375 0.05026682097990909 0.45644211260286277 0.8870301502838408
844 18.37693958776477 6.534230662071005 -0.07633732261271367 -0.048551009342317326 0.05267604587029731 0.4580720912714582 0.8860236976974744
846 18.496464427887005 6.603084080242502 -0.08814357829437837 -0.0496940561509156 0.05278109416444255 0.456679352704656 0.8866727838923051
848 18.664791451825582 6.607024045629464 -0.08718780796509347 -0.054291526176704304 0.052379793737168216 0.45441047320416106 0.887592197597425
850 18.819740795480076 6.60596252452615 -0.07614539225895263 -0.057221232365979494 0.050770710268935114 0.45485060232316366 0.8872761662028129
852 18.893838477101212 6.676403969272895 -0.04575919306970403 -0.05833063143280355 0.05126846036296155 0.4561086255562345 0.8865291896502137
854 18.87904272258164 6.698244338250889 -0.030791308408930008 -0.056416109908984914 0.05175310603843852 0.4605269374943211 0.8843380453198952
856 18.881774048812385 6.719729685634966 -0.03668511066773796 -0.05451927776715594 0.05107809887527126 0.4665688045329454 0.8813241326570683
858 18.887811530068415 6.731288045054466 -0.06370960386555144 -0.053599577760264555 0.050899058979194736 0.47111356741907406 0.8789700664144526
860 18.89509879820691 6.943726655568714 -0.04966574062288238 -0.05228285758129625 0.050556162707004665 0.47461749185333035 0.8771823149393349
862 18.891366791932708 7.206078454374049 -0.056103344628503485 -0.05333306591920001 0.0502833426611278 0.47693049604540194 0.8758792562176415
864 18.921063281438325 7.412269505329331 -0.0902766338405045 -0.0554309234088899 0.04977943851727956 0.48256201693992595 0.8726874125583644
866 18.910515110926102 7.9126751700293445 -0.11803397377225512 -0.05378699699035782 0.0489864270256519 0.4901500623986848 0.8685966873368705
868 18.97410780113195 8.504471144899169 -0.17500118669376422 -0.05435629346009233 0.04807183775463735 0.49725603216165565 0.8645640116584883
870 19.09139962571269 9.095312679136965 -0.4228353314173854 -0.0572302535168704 0.04633064930336159 0.501763359796682 0.8618652445615086
872 19.119725030886077 9.53285061922861 -0.8845878530504666 -0.06177664799754798 0.04975067789024827 0.5048067120092965 0.8595805368445768
874 19.02232397050447 9.683324591368885 -1.5578897065962671 -0.0676408298620598 0.052869889206906905 0.5104192198489259 0.8556294250197543
876 18.751554057714472 9.747259597745975 -2.246647405373678 -0.07037721621756171 0.05571086018773982 0.5160006093081284 0.8518724779497509
878 18.445549837258515 9.919603550664524 -2.7731711458136634 -0.07005296472091571 0.062202865826896915 0.5148416121801986 0.85215110161545
880 18.37698439091782 10.045307319193535 -3.0352953324206293 -0.07188057029075884 0.06517478537425365 0.513280915717122 0.8527180850238185
882 18.463415669366302 10.138304667565361 -3.0369954321913295 -0.07275516958857164 0.06486180043319385 0.5149316368683623 0.8516719095372183
884 18.454000279560532 10.197999462253588 -3.053274254930974 -0.071043185820241 0.06587801464213795 0.5178545303376701 0.849964492401931
886 18.4658823937178 10.240971859968822 -3.0546510282562402 -0.06945129074169541 0.06722428866588367 0.519019294675762 0.8492799214522575
888 18.453204641797086 10.198172007203896 -3.0657599194798446 -0.06892327880887013 0.06764214309131887 0.519616368478599 0.8489245854169621
890 18.39225238013542 10.183085872308133 -3.1690558663394843 -0.06914306947860724 0.06847977121494754 0.5195314196120863 0.8488915483813437
892 18.26291870340451 10.2062032584113 -3.3388339546018084 -0.06913483361878901 0.06978033576190851 0.5191870203583144 0.8489970067161091
894 18.17142838332064 10.283430403678622 -3.4644342249186546 -0.06866640237655428 0.06916653815002756 0.5180188457228333 0.8497984411970789
896 18.251249812458294 10.289562212361497 -3.4766336773421704 -0.07087650058155351 0.06653683578151566 0.5166364179474822 0.8506680802756684
898 18.494080044135163 10.22785711373747 -3.4729481238323934 -0.07577044756499601 0.0630872988424365 0.5136066416370447 0.8523420966178319
900 18.645978053859444 10.172692733566425 -3.4844814551360206 -0.07876251910767261 0.05981713504778708 0.5116314972963266 0.8534937532945436
902 18.55960122395566 10.160012147648802 -3.460337932438068 -0.07872825045300313 0.06275608419992995 0.5083845739055626 0.8552243340149764
904 18.513839652049263 10.211108524805711 -3.430059089377946 -0.0783730393414002 0.06379695905193083 0.5035319467833009 0.858046148694076
906 18.516359911702537 10.237589246333258 -3.3842756120403847 -0.08020915381646025 0.06394154122659926 0.4961914851668758 0.8621322294158272
908 18.452570239618407 10.336272958918428 -3.3912689248562966 -0.08387501626897399 0.06565319642346043 0.48245335072025475 0.8694213039856228
910 18.324548987401794 10.50279096112941 -3.407395942670546 -0.08816629931850493 0.06821187388560115 0.46224696447109426 0.879716765648327
912 18.224659842354825 10.51400814072676 -3.403573668500256 -0.09507280546663803 0.06789023223848631 0.44360427307390005 0.8885760107823552
914 17.96335696616825 10.477527479325403 -3.280469380989178 -0.09514959681514568 0.06049656759420763 0.4486133651367913 0.8865848905524382
916 17.610210481110013 10.558510094414865 -3.1947590096200567 -0.094191942211908 0.054771618123938624 0.45377912794229686 0.8844277533605347
918 17.380283544762626 10.727559894996407 -3.1689039076018988 -0.09641978059344568 0.05144140043552036 0.44055249890305687 0.8910502252633216
920 17.20603801983271 10.809489281794857 -3.151977054427689 -0.1024372584013424 0.04945780759766205 0.4205812362887144 0.9000955266196505
922 17.039479466075985 10.786483520869611 -3.063374409702868 -0.10726116577370494 0.04556553218212093 0.4080305377886811 0.9054998094012531
924 16.99306370323353 10.560712861134023 -2.8204499566654984 -0.11244042267796703 0.04181972057297154 0.40076577541364317 0.9082923844095028
